92,-57,-84,-6,32,-29,-35,-14,52,23,-96,40,-69,-45,-68,83,28,54,86,35,-58,63,30,-62,-74,48,9,82,7,47,-75,75,-27,6,88,98,-85,70,8,2,-93,3,45,64,-38,80,-4,-60,44,-33,-90,93,100,-52,66,-3,1,-77,-65,-88,51,-76,27,53,42,38,-17,11,25,-37,-31,-87,-66,5,91,-32,-54,-98,-94,-78,-39,61,15,72,36,50,-59,56,34,67,-16,14,13,-25,31,-51,58,84,73,-15
-68,-2,-5,-78,27,64,-44,-64,100,81,-15,70,58,96,44,-76,-39,4,-57,-85,50,15,-65,-8,30,57,-38,68,93,92,-88,84,-98,19,48,83,75,34,29,-51,37,-70,-4,-30,13,80,51,-84,32,-72,-100,-93,49,26,-34,-87,-59,41,0,-54,-95,6,55,-25,87,-31,-43,-29,56,10,-32,65,-58,42,40,12,91,-77,38,24,63,-73,45,-56,-79,-6,33,-63,-1,-33,2,11,-26,88,-62,59,76,73,86,-14
-27,-47,-48,-31,-9,12,-10,18,35,89,64,11,-3,-87,-78,-53,91,-67,-33,79,-4,-43,-72,75,-49,8,-85,55,-37,45,-35,76,-55,-60,-7,-70,-76,86,65,20,78,-82,-57,23,-28,70,98,-44,80,29,-73,-56,-12,-18,77,41,36,19,-98,44,3,-8,9,4,37,47,-24,60,43,94,31,-5,100,58,82,30,63,-59,96,52,-11,17,85,13,-71,92,10,-1,-94,-93,56,-22,-74,74,-99,-90,50,53,83,-92
89,-61,16,-44,-4,-39,-84,99,78,-40,1,73,60,-38,2,55,56,-55,-97,-92,80,-93,-1,-3,64,51,-49,19,25,71,-32,-16,-30,69,94,6,83,-46,-17,15,-98,-42,-68,36,21,-18,-31,18,37,17,-75,54,57,-72,-50,-7,-11,-5,41,39,68,59,13,11,74,8,30,-15,84,33,-33,-100,88,-9,87,-35,43,-14,86,-19,-89,-73,63,47,97,-71,52,-83,49,85,-69,-64,-48,10,5,42,-43,90,-85,9
12,55,70,-17,79,-100,72,48,-48,-87,-16,-59,-8,-9,-68,-82,69,-12,-67,20,13,-41,33,75,-88,89,80,76,67,-72,90,-43,-20,0,86,83,-14,10,14,-53,-78,58,57,-47,35,-91,-80,-89,32,95,-70,6,-40,56,-90,1,-64,25,-36,59,-93,-52,-76,-69,39,-11,78,-29,5,64,-46,-27,68,-26,85,-96,99,100,26,49,-56,62,-45,28,-60,-25,-42,-75,92,46,88,82,-99,71,-32,60,61,7,81,53
98,62,31,71,57,-88,-10,92,-4,-52,43,-14,26,-31,-90,29,-24,38,-59,70,-37,96,-74,46,-46,-65,52,53,59,-95,-7,2,20,-58,-70,84,-66,14,34,-63,15,-79,-71,86,-34,3,-48,-40,37,-96,-19,-82,66,82,78,-100,-61,85,40,-8,28,-64,75,13,45,-1,90,-75,36,-60,44,32,58,-45,64,74,91,-94,-53,76,100,83,-44,7,88,-87,47,-9,23,80,-77,27,60,5,56,19,-35,79,72,4
19,50,6,-53,38,34,63,-95,-15,-45,-49,26,-35,-4,55,47,-93,35,2,57,-52,-54,-67,45,-60,-97,27,-79,-76,-90,3,80,39,49,30,-5,-87,-64,-19,46,89,59,28,-86,51,71,16,72,10,29,54,-24,85,73,-84,37,-16,-78,-80,-99,62,42,-56,78,36,76,-48,-91,-12,-89,-13,-8,8,14,-66,-26,-73,-98,15,79,-94,-85,-17,33,-14,86,-2,5,58,84,99,94,93,-50,69,-71,-6,67,-9,68
49,40,-67,80,81,-49,31,95,54,-50,-15,20,-94,11,-73,63,-62,-7,-37,-70,84,-92,47,-27,94,-42,-55,76,18,55,71,-18,-19,100,52,-16,-46,-5,98,10,51,13,7,-64,42,-6,35,-47,-60,16,-51,-99,23,-95,66,-71,75,-100,-68,-88,-1,3,-79,-35,89,-53,-77,50,85,99,-38,73,-66,17,-29,-34,58,-36,72,-8,61,-45,-78,-87,5,-31,-61,57,-83,60,-89,1,-26,56,97,-93,-24,67,62,0
-61,35,50,-2,57,-13,-95,41,10,-65,28,-21,-85,-93,94,45,-34,23,-49,83,49,90,-79,59,84,38,-57,75,-43,-36,61,89,-17,93,47,-84,-51,-55,16,-14,-28,6,78,7,92,-60,-98,14,72,-47,-76,0,98,79,-12,-71,-32,-66,56,-63,34,36,-74,60,3,-18,-44,71,5,-31,-75,-42,-87,29,9,8,18,52,88,62,95,-77,25,63,67,-69,-39,48,77,-37,-30,91,-15,-48,-94,27,32,-92,58,-25
-37,-52,-95,72,86,34,20,-98,48,47,43,-80,57,-8,41,-45,60,62,44,-62,87,52,-63,82,-88,-57,-1,-5,83,85,-90,27,95,-85,11,-59,71,89,76,94,-30,-18,-65,67,88,15,26,-68,32,-81,-71,-53,50,24,-67,-43,90,35,-12,23,-13,61,39,19,-78,49,70,-77,-47,38,51,-32,16,-55,-96,-24,-15,-72,22,18,56,2,30,80,-75,66,6,69,63,-86,13,-6,-54,10,93,91,-56,36,53,46
-94,-91,88,-6,87,-37,-11,3,93,-52,-83,13,18,-12,-74,15,24,19,-42,0,-75,-23,96,44,10,60,6,-100,58,48,-48,-79,-97,77,-27,21,-14,-98,-95,-70,-18,56,70,38,20,-53,-54,-57,100,-59,-22,-35,-58,-43,91,27,8,-39,95,1,94,67,36,-66,-49,69,79,-17,51,16,-69,2,-21,29,26,-63,76,-4,-65,54,-19,81,78,-25,35,40,-60,59,-36,-86,-92,-77,-29,66,37,-20,23,53,83,22
94,-36,76,65,-10,25,40,-60,100,35,9,-83,68,34,-18,18,-9,-59,75,28,-73,-5,-96,90,-25,82,-89,-99,-86,77,89,-23,-4,-62,6,61,66,87,-40,91,57,27,-95,51,74,43,-72,83,26,7,-31,33,-47,-24,50,-39,19,-55,-26,-68,-34,-1,-64,10,-16,-29,23,45,63,-22,-61,1,-81,-84,46,4,-97,-63,-8,-49,-92,-93,-78,-57,29,15,-77,-41,-65,-79,-42,22,56,37,11,70,-70,-2,84,13
35,62,-60,-85,42,-80,-75,12,30,9,39,-27,83,-23,45,7,59,8,20,-98,-45,46,64,53,10,-17,-38,-68,74,-32,4,-6,-5,-63,98,-67,-21,11,-81,-19,-37,0,-74,87,-50,-33,38,-99,-62,-25,75,3,14,96,-40,40,-10,-2,-64,-20,88,52,57,17,-4,65,21,-93,-44,-31,70,66,63,94,-79,-72,-57,-53,27,-56,-61,49,93,-83,-52,78,-90,85,-1,-73,-16,-78,69,-9,28,-97,-49,-14,1,-30
-8,-55,76,-59,-86,-65,39,-6,91,19,-29,25,-89,-47,40,9,11,80,93,83,-12,-7,2,64,20,-20,96,68,7,-72,69,-54,53,-66,72,-98,-95,-27,-25,17,-24,97,29,38,55,74,-38,-64,-36,52,90,-97,-71,71,6,-93,-22,-62,-11,-14,-78,61,-52,-87,42,66,-16,-94,87,0,-44,-77,-18,-100,-31,-56,-21,-69,-99,-13,-50,26,60,-61,27,-49,16,-42,49,15,35,-23,-19,-10,-45,-90,-40,-79,57,-17
-34,12,31,57,-86,35,59,82,18,39,-80,-15,41,-29,69,-31,-95,81,0,87,47,84,-98,26,4,21,-11,52,25,-27,10,-87,-17,-78,67,3,-77,-35,-65,-25,-45,-68,-12,80,-96,91,-43,-92,97,-90,70,-91,-58,-32,-19,-99,88,63,-36,7,-40,92,96,-54,9,-97,-67,-57,-69,-100,-33,-70,-94,-62,-88,-59,-10,1,-56,-18,-41,94,76,-53,-52,48,85,-1,-22,-81,40,99,-71,-83,-8,-39,79,15,-73,86
-15,-69,-51,71,32,25,56,-85,-25,-64,-62,78,-16,0,42,-35,96,-74,8,-21,38,22,-40,-79,-100,12,83,-96,-52,-12,-20,55,57,-94,-50,84,-97,-87,64,-70,27,10,43,-13,-2,81,76,-19,33,36,49,66,-54,-92,-60,28,70,-75,-55,48,-17,5,-57,61,39,-43,-7,-46,86,-86,-65,26,67,-4,97,-68,-76,-10,6,-63,82,-30,-6,91,20,9,-34,54,-32,-72,44,-84,29,-44,75,80,24,-93,-33,73
-14,-47,-69,-54,-98,-19,-13,61,-93,83,75,-33,95,94,35,69,20,-29,-76,93,-77,-58,-53,16,-46,81,26,6,-10,-87,-42,-9,-5,-40,85,48,-25,-16,-100,19,37,-49,80,65,-18,72,52,50,-70,91,-80,78,56,-84,17,-64,-75,9,-38,-55,44,-92,-71,-36,57,5,-79,-31,62,-28,96,36,84,-39,10,-8,-91,-96,-22,11,39,-44,97,92,77,-11,63,-41,-60,-59,82,-72,43,25,-3,-73,-62,-43,-81,40
84,77,-75,90,32,11,16,41,5,67,-6,-68,69,78,-70,-29,-35,30,-49,-89,-25,-20,-11,-17,81,29,100,38,-33,-62,-26,-19,-50,39,-23,24,-54,86,15,31,83,-38,-59,44,-7,-74,-14,-55,-15,96,-79,72,-82,-95,-66,-44,26,-47,-80,-58,0,87,64,58,18,74,-87,-78,50,-36,-65,71,-69,-2,79,-45,-41,-51,36,93,-72,-18,-85,-8,25,-90,-57,33,6,-31,-37,-76,49,-94,63,80,88,-3,7,-92
-2,9,-83,-6,73,81,-87,84,51,36,90,58,-54,14,94,2,39,-71,-9,13,1,-23,30,-61,-64,-3,-11,-68,38,-95,97,-38,-34,-15,96,62,-73,-21,27,-42,-40,71,56,91,-31,98,-43,23,67,-77,-84,-5,69,-90,8,-53,92,-57,-14,-20,-78,86,6,-55,-65,53,66,45,11,7,63,32,-72,-94,-81,-19,-35,76,-97,-56,37,25,95,16,93,-52,33,-32,-39,-50,57,-44,-66,-4,-36,-51,-91,-48,-17,47
-29,36,24,-43,-27,32,-42,-4,-12,86,-90,-67,33,-94,-41,99,-79,-2,61,48,79,-37,-18,-11,76,73,-59,-65,-21,-92,55,91,81,-69,-3,38,-13,-80,71,84,46,49,10,-8,1,-72,40,35,-45,-66,-36,34,-61,-24,5,-87,25,83,63,-74,78,0,-25,-58,-77,75,-60,-86,-63,51,6,-30,65,-97,2,16,-75,-81,-20,17,-47,-48,98,53,23,29,19,-78,-5,45,52,-7,92,27,66,39,-28,-52,41,-1
23,13,76,-4,81,-100,79,-27,36,-67,63,96,-29,-56,30,-69,-31,-25,42,-3,34,14,-9,24,68,-50,71,54,-65,-70,78,-16,97,-82,39,41,-23,-7,80,-81,51,-35,-63,-86,95,-88,-87,-22,32,16,9,100,-46,-6,46,-84,15,91,-54,-77,17,-1,40,72,-71,-83,-99,35,66,-2,5,-10,4,27,45,58,-97,-42,-37,37,86,-15,6,57,49,31,-38,98,56,-91,29,44,-17,-66,-43,-12,18,83,-52,-64
58,-18,86,29,60,44,23,41,-1,62,61,43,-96,31,55,6,79,-93,-42,73,95,-95,91,-75,-34,56,-2,93,-44,-53,40,-31,-79,3,-10,71,49,-30,-67,-23,-99,-74,-4,-76,-22,57,97,92,-27,-19,-12,-20,-16,81,-54,-60,-5,65,-3,75,-65,63,-40,-29,-50,17,88,85,15,-63,-64,10,51,-14,-100,38,46,4,99,-24,24,83,7,84,-82,-90,-49,-88,39,-32,53,0,59,32,47,66,-89,70,-45,-58
-29,60,-5,34,98,-69,-15,43,48,8,-4,56,-48,55,-73,7,-20,13,-19,50,-18,14,-90,77,26,-50,15,-77,-55,17,-88,41,83,23,-58,32,54,5,12,91,39,-34,82,-45,85,76,-2,-26,89,49,-37,71,29,68,46,-86,100,-97,-78,-64,-80,-54,-76,57,-13,-30,-6,-10,-9,-36,18,-95,86,-23,93,-83,96,79,2,-52,70,-92,58,69,84,-8,64,-42,-16,-25,-79,81,-32,-40,33,-43,-93,-75,90,-11
-17,-33,-24,-77,-64,-48,61,11,27,-8,50,-98,41,-71,-35,-9,44,12,22,10,-11,24,71,3,-28,65,69,-3,-19,25,-76,-53,1,8,-96,81,-29,51,-58,68,17,5,-100,74,-73,-16,59,98,45,6,-4,-62,-67,-79,35,-81,-22,-27,31,16,-72,-52,75,34,82,-95,70,-66,33,-60,-46,67,40,64,-47,77,43,18,-26,86,-78,76,-87,85,-86,84,99,-6,92,83,-5,28,19,-37,-36,58,-74,-21,-31,-12
68,61,31,59,96,-3,80,50,-43,75,-50,27,-95,30,-51,-24,4,10,62,72,55,46,56,40,-22,48,74,-6,-70,-5,24,-32,-79,35,63,-61,-28,64,-62,-60,-41,-47,-77,-48,-57,76,-13,95,45,57,5,38,-21,-12,-34,52,9,-54,-16,-64,18,2,-81,53,-49,-7,-42,21,0,32,34,87,28,90,-40,43,-96,-71,42,15,-98,89,88,-23,11,47,-25,-45,-52,1,12,98,44,93,-4,25,-11,-33,-67,-63
-11,78,-2,-43,52,39,17,-87,-42,-44,88,94,-53,-46,-9,66,-69,-98,55,-86,2,76,56,-40,-88,71,-47,6,-51,51,-70,75,-56,59,-28,34,87,-72,-64,-80,-35,54,-23,85,-39,3,72,77,93,95,37,12,15,-22,83,80,-33,-66,73,-4,-65,57,42,-60,-48,38,-99,-38,100,-36,70,-45,21,45,-34,-8,-37,25,47,-84,26,-15,-79,-71,-24,-97,53,10,-54,89,-21,-76,50,-83,-1,61,-16,68,-90,-14
17,-11,72,-93,-96,21,82,-83,-45,-82,-92,34,52,1,27,23,19,28,-36,51,57,-37,25,-42,59,87,-15,3,7,-1,-51,65,61,56,29,-35,9,95,70,-32,-55,32,-74,46,-69,-77,-67,-63,39,38,37,5,90,-38,-18,-22,94,22,-89,-6,-86,-100,49,-9,-97,-66,84,-95,-7,66,60,-81,31,-41,15,-64,81,48,53,6,16,-25,-31,-79,74,-2,97,44,40,2,-60,73,-94,-17,-26,54,-39,-75,-33,-29
94,19,10,-88,61,100,48,-30,-1,-38,1,58,69,-3,-77,32,90,2,15,50,54,-48,84,-84,99,-75,-49,-65,-52,24,25,-98,-67,-82,89,-40,-10,29,-99,-78,-47,63,35,18,91,5,11,44,-32,-45,-59,70,39,3,97,40,55,-23,71,34,-50,4,96,-81,-51,-33,-87,93,-18,-68,-31,-5,-17,7,-57,87,-72,-92,47,43,16,-12,22,-97,31,56,14,-27,-63,-11,20,-19,-13,98,46,-76,-14,8,51,-43
40,-24,89,57,76,-18,-4,-10,-55,21,32,-54,27,-17,56,-59,82,71,64,53,-47,-53,-61,-73,-56,-46,-58,30,4,17,95,-21,-83,86,94,98,-82,-94,-11,46,20,90,44,65,29,-27,77,34,43,-44,-32,-37,-34,-33,-50,97,-93,35,-5,79,-41,96,-64,42,84,-13,36,-57,11,-7,-51,-45,-74,-90,-80,-75,-76,41,-95,-49,63,-48,87,-19,13,48,-70,47,-85,78,1,-65,24,-66,19,70,-81,25,-1,10
-25,98,53,79,16,100,-95,65,-96,39,-87,-70,-17,76,15,47,86,22,-42,-75,74,-22,-55,28,-28,-78,-76,-31,55,-73,9,8,18,62,-35,59,46,-56,-84,-71,56,30,-50,-62,40,-59,-3,-36,-90,-82,6,0,-41,54,72,-66,-14,20,90,3,-58,-24,12,81,49,96,-7,41,77,-13,94,-86,43,-9,31,84,-27,5,91,34,-91,48,-11,-2,60,-93,68,-39,36,-51,37,64,85,-37,66,-85,71,4,83,2
24,0,4,-34,27,-54,-80,-17,-77,49,-36,-48,21,-20,-25,-53,1,-23,39,37,-4,77,-89,-71,43,-50,8,12,85,-52,-5,38,-43,17,58,35,26,9,63,-100,81,-78,-46,80,56,48,-40,47,66,-90,96,-95,-92,34,-37,-55,73,-13,44,-79,46,15,19,13,-60,72,22,-63,-19,45,-45,-64,7,-66,60,-18,75,-14,76,90,57,98,-99,3,61,70,100,-44,-97,-72,-16,-6,-26,-42,-32,91,87,-91,-9,-98
-28,23,-76,30,11,-79,-46,53,-65,74,-30,-26,15,-41,-25,-87,78,20,-66,61,-86,27,18,16,1,-85,37,95,19,-27,-91,-93,-73,55,22,33,93,85,58,81,-56,-3,34,25,-9,-32,-90,-47,-37,-1,-17,59,-16,100,-60,89,-64,39,31,-22,7,-53,-83,71,-88,-62,-6,77,-8,-54,70,-45,38,8,10,-52,-78,-14,-29,76,-95,87,-13,94,13,-82,50,-75,0,-11,91,72,-57,47,17,42,-96,-81,-72,62
-32,-7,-89,8,-2,81,-63,-79,-53,-69,85,49,83,40,-67,-27,-72,-46,-59,-88,62,-39,45,-77,59,58,92,-61,33,74,66,6,-17,-92,-97,50,-5,-9,-25,57,-29,-28,17,16,77,39,2,76,-52,28,-91,20,73,-98,11,65,31,-8,-81,-85,-87,-14,82,53,-83,-80,13,-16,-57,10,-12,-84,-21,-75,-6,-26,78,-40,-33,-54,94,-41,-24,3,88,-13,72,-4,-96,-19,84,54,-68,95,-22,-76,-78,71,-36,79
32,-63,-53,93,60,92,-59,-32,79,-83,-70,-86,52,85,-43,-100,-69,84,-20,-22,96,55,65,63,-48,62,49,18,29,35,-17,39,1,-65,97,-73,21,27,-10,-85,-77,70,0,71,100,23,-74,-82,22,-4,-75,-91,68,-18,-89,-14,17,75,28,-57,16,-87,-56,-13,64,95,-21,-55,54,24,-64,-25,30,-98,59,-28,15,58,-31,86,73,-12,6,-30,-81,41,46,-15,-68,13,-60,-35,7,80,48,14,72,-96,-51,-38
59,35,99,34,-58,22,67,86,76,-40,-74,16,-83,-37,60,50,-11,10,63,-49,-9,-12,8,-4,52,-21,-70,-73,36,26,17,53,87,13,55,78,-64,73,48,70,69,39,-18,-67,-93,-100,29,95,75,96,89,100,23,-72,31,-88,57,-14,98,33,68,15,-95,38,-31,-41,84,-61,-3,88,14,-33,-13,42,-75,-54,-94,-97,-92,61,-91,-17,6,-87,-25,-82,64,-29,0,-24,-55,-77,-57,-66,-27,-39,77,81,97,-34
-80,71,29,-46,-63,-38,36,13,97,48,-3,-40,-21,0,84,-43,99,-68,-88,64,63,-26,62,-17,33,40,-55,23,-8,-58,-24,-18,100,56,-81,-69,20,37,-11,55,52,94,-23,-96,95,-32,-65,6,39,-84,-27,-2,-77,-97,-74,-25,17,69,-30,-51,-12,86,-60,19,15,-73,-79,14,9,5,-31,-1,3,32,-52,10,31,-59,59,88,75,-4,-33,-71,7,44,-19,-95,50,-13,35,47,-28,38,24,26,-56,-87,12,-78
-87,-54,61,-88,-72,63,-8,-11,48,52,-22,0,-93,-57,59,65,-16,-34,-52,-1,76,-81,-40,10,77,36,87,-43,82,96,18,68,79,-3,-100,4,-96,-77,93,98,-53,-39,-36,-62,-9,43,83,95,73,-61,47,-74,-46,16,9,42,45,84,-63,-99,22,29,51,50,20,80,-97,-76,-5,31,-37,39,8,-50,-49,14,86,35,70,91,5,6,56,85,-14,-85,38,-27,-82,-25,21,-17,-4,-64,-94,66,-24,11,-23,28
79,-3,-30,75,-15,-49,39,-4,-74,47,81,-78,90,32,-17,26,-36,-83,-16,-10,-60,66,-32,76,-98,12,-62,8,37,41,88,-27,100,25,-100,71,52,86,-7,53,68,36,-72,-69,87,-51,98,-55,29,7,6,-38,-25,-23,38,-18,-41,-56,23,58,-63,14,-33,-87,57,-57,24,22,44,-58,3,34,-61,-9,-45,-93,54,65,21,-53,49,11,-71,-80,17,-75,-29,-96,55,-1,94,27,31,4,-81,-40,0,-89,95,-19
-68,23,36,33,-94,53,-54,57,79,9,-14,17,88,34,-77,0,72,-85,-6,44,68,-11,-61,25,-46,31,56,85,51,69,30,71,-76,21,18,95,-43,-95,-74,16,-55,-66,-21,74,75,41,-57,83,61,-72,-51,87,-80,76,-35,92,52,-83,-20,94,55,63,-36,-8,-32,-42,-34,-33,-60,-15,-27,49,-13,-47,-59,-87,1,-99,-29,37,-100,78,-69,73,70,-88,32,-70,-67,8,22,-45,81,-37,-58,77,-75,-7,48,66
-86,85,-47,47,-34,71,46,60,41,-43,32,-28,98,73,-35,97,83,15,89,9,18,-33,80,-6,59,82,64,-71,26,69,95,45,-5,42,2,-96,90,72,-52,-30,-73,-29,-80,87,12,-22,-27,67,96,-74,66,-2,23,-21,-85,25,21,-58,-4,17,3,-19,20,81,22,-55,-15,-64,-32,-77,19,-17,-13,28,-57,-89,-67,-84,-83,-41,74,-78,1,10,93,-9,48,57,-31,94,-95,-3,-98,-1,-53,38,33,34,40,-62
97,74,98,-35,51,-1,-2,31,-100,94,-6,-41,-62,54,-24,-51,68,-83,-13,75,-25,49,-84,27,-43,22,-55,-3,61,23,76,-17,58,-31,2,-45,80,-9,66,3,67,87,13,-5,53,43,-7,-49,-32,-88,81,-75,-76,-40,9,-33,10,-50,-10,-54,-77,38,83,-60,29,90,14,65,-52,-96,-53,70,-58,62,-27,96,-69,24,99,0,-20,72,46,-81,-29,-72,79,26,100,45,82,50,88,91,-34,86,47,-59,32,-42
-23,-51,-41,-63,37,86,38,-18,44,-36,-39,-71,62,1,48,51,-56,8,-77,-45,30,10,-83,-35,-92,12,-10,-62,14,33,41,-57,-47,-99,-19,79,-53,43,-96,16,-61,46,6,-29,-27,80,-32,2,-81,17,-66,98,22,0,-34,73,-95,57,-75,-55,-94,-43,-20,-22,21,15,-78,39,82,26,-82,71,90,-65,-84,56,95,-9,-98,36,88,-5,-73,-21,-40,-12,42,-24,-59,-46,11,-11,52,-30,-49,-76,93,-33,85,25
13,10,11,17,-39,59,-85,19,94,-4,38,6,-99,50,52,40,53,55,-64,35,96,-83,-25,69,-95,39,-5,-36,61,90,-31,-62,79,95,-84,49,-1,25,-74,80,-55,-90,-13,76,-3,66,30,86,-50,-94,65,-42,9,-40,14,-86,-59,-44,41,58,83,-26,92,-100,21,93,97,-41,29,34,16,5,-30,-35,-43,-15,87,-60,85,-27,2,12,-47,-68,54,-19,56,36,-91,-18,32,-37,1,31,-33,18,-16,60,43,82
39,-91,-30,14,-32,46,32,-33,-85,72,90,-63,-5,-99,-45,-37,15,13,69,94,-3,52,21,80,70,-70,-65,26,28,-7,-39,-16,67,56,-77,-50,5,-21,92,-52,78,20,83,77,33,66,-92,-49,-22,62,1,-53,91,-71,-9,-1,-93,34,68,35,61,95,-57,85,-94,-2,-56,50,25,36,-38,-13,82,55,22,100,63,3,58,-62,-40,-61,65,-95,-55,87,16,8,-84,31,86,74,-83,7,51,79,71,99,-97,-54
46,37,90,42,-38,94,-87,63,93,-74,12,-77,22,-86,77,-66,-33,-84,79,-43,-90,59,47,-26,41,39,56,26,-20,-73,76,-56,-68,9,73,23,28,27,85,86,54,50,49,38,-64,31,32,11,4,-62,-93,72,13,-81,-82,-98,48,24,2,-12,-8,-88,-46,-85,0,-89,-22,8,-13,-45,75,-67,-69,-29,61,-5,-65,-50,20,25,64,-58,19,3,-18,88,-27,84,40,-83,-75,-79,-80,89,5,-57,-24,-95,82,74
-41,-32,18,24,-95,86,38,52,-88,75,-54,41,7,-70,0,-23,94,34,-61,-10,-33,15,-19,-73,-62,45,61,-50,-75,-39,33,48,54,-17,-38,9,49,66,5,25,60,-74,40,-47,-42,68,59,91,16,-2,-13,-69,12,-59,37,67,-92,-46,88,10,42,82,-68,-77,-15,63,28,-97,-49,-53,26,-84,55,19,-57,90,-98,76,-55,-76,51,58,64,-26,21,50,97,-66,100,23,-16,-52,22,6,-91,-20,70,71,80,-30
-93,16,-91,61,-27,92,-7,-21,63,47,65,66,-67,79,-34,27,21,-15,5,-86,-60,72,55,-20,22,38,-16,-28,93,-3,6,-68,-81,29,90,-1,53,-38,-90,24,43,32,-100,-96,-74,-37,81,2,-52,-43,-5,-31,-78,-83,70,41,-12,99,-47,28,-24,-49,-69,-85,-32,-18,94,17,35,-62,86,-2,-58,-39,-55,34,-63,89,-35,-22,60,1,-48,39,-54,42,68,-30,83,46,0,80,-8,-66,-46,76,40,51,77,-29
-88,4,11,-80,76,-78,-16,6,-100,-34,-13,-4,16,56,93,-81,95,98,0,-52,-6,-95,7,-28,-76,-50,89,-5,99,45,-23,-67,67,-47,-86,-56,-38,-63,-39,-18,73,85,10,-22,-77,80,2,-69,91,-35,-75,-1,-82,62,26,78,-20,29,54,15,-72,66,59,-14,47,-84,-79,52,68,20,-11,36,57,34,-42,86,31,39,18,19,92,-66,-44,30,-21,71,-89,-61,42,84,-90,-92,-87,-74,-36,41,-37,-68,-24,-64
87,-30,-97,-86,-51,-17,-25,41,-16,83,96,-91,-34,-63,-75,-1,-80,36,1,74,3,-82,60,-59,-70,-66,-19,66,-20,-45,47,-49,-48,10,-55,-15,14,-84,32,-7,31,-79,82,-35,17,-96,-95,8,25,-11,69,20,91,13,30,50,-61,53,76,39,90,62,65,-81,-72,-74,23,-57,81,-76,-14,-2,-21,-62,68,-98,71,75,-53,-18,72,-5,46,89,-100,67,73,86,70,58,7,6,33,4,-44,-26,19,-38,-68,52
-95,-96,0,38,41,-69,34,58,-63,-72,67,-46,-32,17,-30,89,3,60,71,9,-71,-51,99,-41,-6,46,2,-59,-40,-74,-92,59,-23,-20,61,-35,37,-34,-47,47,87,91,23,-29,33,72,-54,-84,42,54,-33,-94,13,-26,53,-18,26,43,-16,84,50,-10,-90,-27,96,-80,-8,77,29,-64,-79,8,-52,-5,62,55,78,-88,70,27,-22,-73,-82,-15,12,-14,-9,-75,-77,-28,35,14,-42,-97,69,-61,7,82,65,88
-17,21,82,-91,55,-34,45,12,63,43,5,-84,-68,22,-87,-65,-4,-50,-24,-52,-74,-95,66,-39,100,-82,18,36,-9,34,88,-76,-11,-41,29,-22,-8,-12,-97,-23,15,-94,71,-81,77,26,64,-37,-19,79,-16,-100,59,-18,-2,-71,86,60,-28,-51,-46,28,44,7,-70,-25,13,97,33,-59,-72,10,24,-5,80,35,-99,51,75,-90,23,99,0,-80,41,31,74,78,81,-86,-53,32,50,-14,-1,-54,39,65,-96,94
84,36,73,-8,15,58,-99,-9,-90,-25,-64,33,3,55,-37,8,61,5,-51,94,98,78,-86,-69,-7,-61,-27,-60,42,0,16,93,-46,-26,13,10,-49,-1,-50,-45,-18,91,-15,4,-2,24,-85,-71,-17,43,-59,-82,21,96,77,27,-62,44,97,-74,49,-42,-95,90,51,14,-100,-4,-32,11,-66,74,-73,59,26,-97,-87,47,-6,-35,85,-80,9,-23,-13,12,-76,-93,65,2,35,38,-92,28,79,62,-83,-63,-98,-57
-55,-75,84,-73,-9,-70,-71,28,21,-97,73,59,61,-100,86,-30,79,87,91,-8,43,89,17,37,0,7,-48,53,11,40,93,23,-67,92,38,99,-4,81,-16,-90,-35,15,-5,46,78,-15,34,-62,-78,98,68,63,-47,77,10,95,-37,-60,-89,-92,-72,33,-94,-1,-63,51,60,-91,36,-76,-66,-27,69,-43,6,62,47,-25,-45,94,-40,12,-46,-54,-49,82,-77,32,-21,-20,-52,-29,-88,83,49,13,-44,22,48,100
-42,14,21,35,-93,97,84,66,72,54,17,-49,81,-33,77,-40,75,5,-90,-14,-6,65,-55,-69,96,-45,70,-43,-32,-99,-66,-76,89,95,36,27,74,-74,67,-91,-67,-22,-87,99,-83,-31,69,-46,63,33,-59,1,-19,64,0,-61,44,-8,-35,4,-30,-77,-1,100,30,-96,-97,8,34,20,9,24,-68,-52,-5,56,-38,-84,45,-28,-10,98,7,32,68,87,60,11,6,-47,51,-18,23,-2,18,92,-65,-20,-17,16
-97,23,-88,-89,-26,-4,29,83,-68,78,65,-22,63,-18,98,-27,56,52,-42,91,-39,-80,-7,94,61,20,28,-13,40,-69,95,-83,-6,-98,-8,-71,92,11,30,81,-29,6,66,-93,-81,-58,37,39,-28,-65,53,17,-75,-70,9,-16,12,-9,46,90,58,15,59,-11,55,54,33,7,34,-46,72,4,76,45,-17,-3,85,75,-5,71,-23,-52,-56,89,-1,-51,-92,-34,0,41,25,-30,-44,16,86,62,10,-54,77,-79
-95,60,22,-65,-3,-63,30,79,59,46,40,-80,38,-53,54,-36,-20,-61,73,83,-97,-45,-7,58,-56,18,-52,50,-51,-48,87,-64,12,57,-37,66,-86,25,32,-83,68,-74,74,64,-55,80,-12,6,-88,52,89,-82,-76,-40,-89,76,-9,53,-46,5,24,78,51,-60,47,0,-50,29,67,-58,-57,71,-28,97,84,9,70,-21,90,43,45,-13,-93,93,36,4,15,-8,-38,69,11,-15,-18,-67,49,91,-81,88,-29,26
67,59,-80,-34,77,-36,-51,-22,62,-20,83,-43,-81,26,45,44,75,17,89,93,-89,-82,60,48,-24,-44,-29,74,-17,13,97,-64,-76,39,38,-26,-39,-9,22,-14,-2,-96,-42,63,-19,-72,-58,18,40,94,-41,-32,28,91,-11,-49,57,-35,-16,64,-23,-59,29,-38,-15,72,25,-91,4,-12,32,71,80,-50,-33,-31,61,-37,-47,16,42,-93,54,-70,23,88,65,2,10,11,-97,-98,-86,-52,79,58,82,-84,-67,37
-53,-29,-97,83,-16,-77,-58,-76,75,-68,-8,33,-21,12,57,-23,17,-74,-84,87,32,-75,-56,-70,39,5,-37,67,-2,18,71,91,-100,-36,6,73,97,74,25,-32,-35,31,-62,45,14,69,88,47,66,4,-88,23,-19,38,-65,41,49,-24,35,-4,62,0,-49,-73,99,68,-22,54,-95,28,-93,-3,-41,-30,-66,-15,-6,-12,95,53,-91,85,61,50,27,-98,-82,93,-5,-38,26,48,-90,-94,-87,94,19,96,-47,-79
-74,-50,-7,52,44,-27,-36,63,-29,-42,-93,-24,-49,-89,49,-2,-62,-32,75,-6,51,-26,10,60,-19,-22,-25,65,34,82,41,59,92,40,35,20,18,39,-31,46,-10,97,-33,19,2,64,71,99,-76,91,-88,54,55,-40,33,78,-91,-65,-60,96,86,-13,-16,-70,-94,-52,88,17,-38,69,-81,9,56,-37,-28,28,-61,72,-14,100,14,-11,-80,76,89,6,30,-58,-45,79,-51,-64,-85,-87,13,-56,48,3,95,-43
-39,-66,-52,71,-10,-60,53,-3,45,-79,-16,9,51,-27,-57,93,-55,24,-12,75,-9,-73,-48,85,-7,41,48,79,10,57,-1,35,-22,25,100,17,-42,-87,37,-35,96,77,40,88,44,26,-41,-81,34,-34,-69,70,1,42,54,-30,59,-26,11,-40,12,64,-78,-49,-61,-89,61,-29,6,76,-72,-64,15,78,-74,65,94,-45,-88,-62,89,50,19,-65,90,69,23,97,30,86,60,98,-91,32,-47,-59,-95,-36,-98,33
37,27,-87,-55,-56,17,67,-8,-14,-15,-2,-75,-67,80,66,40,-42,11,-73,-22,89,-7,63,-32,46,22,32,69,-11,50,70,30,-53,-39,71,81,-18,31,-76,-37,21,-100,-63,23,12,2,-4,33,-88,-91,-9,55,-58,97,-38,-69,-62,52,75,93,83,92,-82,16,-72,88,-90,86,-5,-99,-48,5,-29,-86,-49,-46,54,-80,96,34,-95,-89,65,68,-28,-19,-78,53,-24,-13,60,76,48,45,100,-54,7,84,13,-92
-60,-53,72,85,1,-74,11,-61,-33,55,-52,-56,79,-49,21,-7,9,-38,-9,-51,36,50,41,64,23,27,3,-45,-89,84,-75,26,-20,86,-44,45,-36,-78,-69,71,51,48,100,82,-10,89,-43,-96,24,25,92,-17,77,94,-18,91,-92,18,-65,-97,-87,66,-1,95,-24,-72,-47,60,-39,46,56,76,4,-22,13,-91,93,-11,-19,-27,43,22,-2,28,42,-37,-70,-86,14,80,75,97,-95,-32,-66,-48,40,-40,-46,63
59,48,-21,-44,97,-68,61,-93,52,92,50,21,11,30,31,65,-24,71,76,88,75,95,80,-54,-94,4,-34,55,-25,-26,-17,42,-49,90,24,78,-79,-86,-32,-57,58,32,-90,-27,91,6,13,-97,-84,41,-71,-19,84,14,43,94,-48,68,23,77,-10,5,-64,19,99,56,-82,57,-55,1,-66,-2,87,44,-13,-87,-91,-35,-4,46,86,-23,-6,-18,-67,-70,-69,-12,89,15,-81,81,-16,-85,26,-40,96,79,100,-43
-59,-63,63,-25,-96,-56,-6,59,-3,-31,-54,54,45,-66,-5,-86,65,58,12,-15,-65,50,23,95,-67,44,56,-36,-95,74,-73,-82,-76,66,38,-37,100,97,0,-16,-11,79,-26,-83,-92,-39,19,-17,64,91,-49,-24,-13,-50,-48,-44,-98,25,-79,84,42,-18,11,71,-80,96,35,49,57,43,94,78,-46,-8,-27,-93,-38,-78,-88,39,-45,48,-42,-55,28,-69,99,73,-10,-61,85,32,77,53,-60,60,-12,-20,5,17
39,-25,-50,52,-77,-9,-57,-15,43,-4,69,54,62,-17,-46,66,-89,37,56,98,-23,0,36,-55,96,-95,44,-38,-37,-59,-16,-7,38,-94,64,57,-97,14,76,65,46,-14,-80,-42,21,-32,9,-65,-73,81,-98,-8,-30,75,-90,-27,61,-58,2,6,-93,-67,12,48,-56,73,58,-13,40,77,19,32,-64,-29,63,94,28,20,-52,-74,-43,-61,-82,26,-21,-10,33,15,-34,-12,-28,83,3,79,7,80,86,35,97,55
-71,-43,43,-88,40,-62,-22,90,27,34,61,95,52,70,32,47,28,79,26,84,-25,62,45,-83,-30,-9,97,80,-14,23,-59,-53,-28,16,-84,-51,-87,-42,6,-67,-96,22,-76,14,-7,-95,-91,3,-8,46,-64,87,9,64,-49,-29,66,81,-74,-66,-98,-27,82,74,69,29,-33,19,-32,-48,-68,72,53,10,-12,2,38,30,89,100,-65,-69,56,73,-35,39,-15,-52,-36,55,85,-47,-58,51,59,-89,-82,41,-81,-2
-78,-62,-76,-77,48,8,-65,60,-64,54,40,12,-35,-61,-55,75,-41,29,86,-70,-83,7,39,-74,22,89,-54,2,84,71,47,-58,-48,-9,28,24,-56,77,88,38,17,-30,-11,35,-87,97,78,50,-12,0,45,99,-19,-16,10,-2,94,-86,-31,27,58,-10,33,-24,25,61,-43,13,-68,-46,85,-47,-92,-27,-75,-88,-59,49,18,20,-5,91,-66,-4,65,46,70,-3,-67,-18,69,34,-39,96,98,-38,-20,-60,-32,-53
-33,-25,24,-13,-21,12,-47,15,-80,59,65,71,-43,-3,-31,-57,-64,-65,6,67,58,-74,33,-34,-18,48,-39,-52,11,-29,14,21,-73,54,23,9,-19,28,22,-4,94,-82,27,40,-10,-37,43,-59,-45,-56,87,-83,57,3,-49,-36,-93,42,66,41,76,63,45,2,-40,-44,-62,10,-5,8,-60,88,-63,60,-17,-99,92,53,19,0,85,-75,26,62,-7,-32,-53,-46,-90,-58,-100,56,-68,16,-85,-30,86,-88,96,47
24,96,49,-39,-67,5,-6,86,-49,-82,-78,-63,64,34,-93,-81,-38,22,27,56,-2,-96,48,-8,42,95,-95,-72,37,-5,26,-74,12,-89,11,97,58,-29,-50,63,-48,-32,-30,-28,-97,-25,9,-43,60,-100,39,57,-99,-85,79,43,80,-90,21,-69,13,-79,85,-83,-46,75,-9,-42,-57,35,30,29,17,2,90,-23,-22,100,-84,16,-45,0,18,70,46,-36,59,62,78,31,41,44,-55,65,-47,84,-92,14,8,-62
-70,51,-66,-41,2,-49,29,-89,52,-88,14,10,100,26,57,73,84,58,43,-13,63,88,-31,-19,-3,16,-53,-93,35,-63,-100,69,-54,5,37,-9,9,13,-69,0,70,-25,-11,-43,-65,-72,54,-20,-99,-4,-26,-74,-34,71,41,-29,67,56,93,1,50,-21,75,33,-18,-76,-45,45,-56,74,-22,-85,20,-84,72,62,94,-47,40,-90,-94,23,-68,-27,3,68,-59,59,-1,90,-80,24,-73,-37,-10,-51,49,6,83,91
-17,-22,-72,-87,-84,-66,-58,10,-5,-86,-25,66,53,92,15,-10,-47,-33,71,-83,11,-19,-23,81,25,-32,60,61,-78,-37,33,-59,39,-9,-21,46,17,89,-60,14,31,72,32,-55,16,90,-52,-68,-90,-73,27,-67,-85,-27,-4,-76,1,79,4,-36,-91,-44,35,76,-8,-98,12,-57,-28,-89,-6,-13,50,44,-39,-46,80,96,75,-64,41,29,59,-92,20,-77,-99,63,43,-34,-75,-30,24,-93,-35,40,22,-14,-41,30
45,-50,-23,-21,62,52,99,-99,22,-11,-17,-75,-37,1,73,-62,-79,49,77,-82,0,-35,-100,-90,75,92,59,79,40,95,-66,57,-38,-49,51,88,37,-25,96,17,-48,28,-68,-36,-34,42,86,-53,-70,-18,-13,-15,-56,-27,-6,-2,-19,94,91,70,83,-9,-24,18,53,80,76,50,56,64,90,55,87,-30,39,38,97,-96,-12,5,-14,-51,-57,-87,71,-22,72,-71,-98,-64,98,32,10,60,-81,23,-33,16,-60,69
4,9,-56,72,-79,93,75,32,51,-70,-19,86,-95,12,99,39,-78,-85,-65,-32,-49,31,-43,18,-60,-75,-93,62,-33,-73,56,-5,-47,-80,42,8,63,-84,-17,-46,-62,84,-89,-44,53,-53,25,67,90,-40,-38,69,-6,-74,17,-76,-48,-50,-34,60,-18,-69,-1,19,81,-90,-36,-51,-99,89,73,-72,58,-52,-9,29,-54,35,-87,34,10,41,0,-42,82,83,-2,71,54,-3,-16,-31,-35,13,-94,95,20,65,68,85
100,-88,70,-40,-80,-44,52,-42,-26,17,-43,44,62,-79,-35,-39,-12,91,-14,-83,99,86,93,15,-17,25,20,-45,-90,72,-33,12,-54,-96,53,-8,-15,-98,73,43,-92,13,34,30,-76,-95,-63,-6,9,81,89,54,-51,37,67,41,45,96,71,-68,-85,75,-28,-23,-31,-65,-30,26,24,-4,-71,-58,-11,79,3,48,-7,31,-70,40,14,-86,23,51,-94,-22,88,-89,6,-41,-72,27,97,4,-10,16,95,28,-16,84
24,-55,44,21,-100,48,59,-90,41,70,-85,-70,13,-39,-49,95,8,1,-77,58,-12,-30,40,-7,97,34,-78,9,-9,30,-52,-6,-74,7,-62,54,-34,27,18,12,25,57,-2,16,69,-3,31,6,65,-1,72,-97,63,-18,-20,-60,-65,-41,11,2,-92,96,98,-13,94,-66,89,-84,35,90,14,53,80,-64,87,-22,64,38,-42,85,4,-72,-33,-76,52,-26,92,82,91,-94,-25,3,-91,-87,45,-68,42,-19,-23,-88
58,70,-51,80,-58,-13,98,5,-48,-80,7,-38,88,44,-39,-43,-1,-49,-31,-71,-50,23,-46,-40,-86,-59,-14,18,-47,97,76,29,1,-56,52,53,24,72,-69,78,99,37,-62,-66,-87,19,-44,-16,-6,3,100,27,48,4,71,83,-23,81,-55,73,50,33,-88,47,-2,2,-68,14,21,-91,-10,40,-22,79,-28,-90,87,-26,67,46,-79,-17,-20,60,-94,57,36,-35,39,-11,86,74,94,-92,-53,9,84,-5,-30,-52
-23,-49,71,-72,-29,-24,25,17,61,75,-32,23,63,33,-67,-47,-80,-75,15,24,49,-15,-38,58,-96,13,10,-14,45,83,79,43,32,-54,88,-52,52,-21,-42,-17,82,2,-9,57,-84,-53,-19,-73,-82,47,68,-7,99,-97,18,-41,-33,97,28,-62,30,-81,-99,-65,-5,7,-26,65,8,-36,-87,-16,-43,41,-35,-56,4,19,44,-48,72,-22,87,-100,-59,-61,78,-70,89,21,3,37,-95,27,-55,-63,34,100,93,-93
-87,14,-73,37,16,52,5,17,-99,-27,-78,68,99,0,24,19,-5,-74,-34,-85,53,39,4,-28,-62,21,30,38,-70,42,-93,59,-21,48,40,-64,-39,61,-55,62,-13,36,-65,35,-41,-67,7,97,-32,-30,60,23,2,76,-52,54,65,3,-86,1,-14,71,63,58,43,-94,81,91,25,-2,100,-11,-69,9,-48,-44,-98,47,-1,44,46,94,28,-45,-59,-72,69,-7,50,-71,74,-50,-10,-58,-53,-33,90,66,-80,86
5,-26,-74,47,-63,-60,69,26,-21,79,61,-14,-28,-20,-17,87,-48,41,56,2,-6,6,-65,23,-93,-100,-30,85,-81,52,78,-79,-29,-16,-2,48,67,93,-52,-43,-5,-85,-78,96,-8,1,-25,11,60,-90,-18,7,-31,-59,-80,44,63,35,66,-11,-24,30,81,50,77,9,86,80,62,-61,-84,-73,55,-91,22,-1,-12,54,-46,15,-7,-13,-87,38,90,-89,-54,-95,-69,-86,17,43,91,70,39,75,-50,-19,31,-32
47,-57,-40,-35,-30,92,-69,0,22,51,91,-77,71,39,17,49,14,-39,-44,-95,20,-3,-51,16,-84,-86,34,-8,66,-37,82,74,-20,69,100,87,75,54,-5,-64,15,96,-9,45,61,-88,10,27,-28,5,98,-74,37,-61,85,-43,-72,-21,33,62,-93,-100,-25,-7,-83,44,70,-73,-32,-50,-46,56,-45,-16,57,-60,86,-99,-71,55,18,-2,-97,-67,21,-22,28,-91,64,59,94,-29,42,19,67,9,79,26,46,-62
-56,-83,-19,20,39,-77,70,75,79,58,-7,-31,97,42,62,16,-41,84,92,77,26,78,93,15,-95,8,-65,29,-82,73,57,-29,5,-46,52,-25,-97,-17,13,-9,63,95,-70,2,-6,12,-86,-75,1,-16,-90,60,-57,18,-59,-73,-44,-60,85,-33,59,38,88,-78,-80,-85,-39,-52,-48,87,90,-91,23,30,-36,61,86,-63,-24,91,40,83,-49,-38,-45,-68,-47,-3,-66,-21,34,53,-10,-42,43,-53,-72,49,-79,41
-100,61,-26,-91,-81,-37,4,-55,-68,-93,-79,-17,-58,-29,33,35,73,47,-34,9,-45,42,51,22,-22,-3,78,93,69,7,-24,-64,49,14,46,-12,-95,-61,2,-77,-21,92,81,-47,-71,-59,39,-25,-40,98,-53,-20,-88,52,74,-54,5,40,95,-31,-69,23,-67,71,-4,38,-52,-15,90,66,-90,85,-38,54,-85,-16,19,53,-49,59,-78,-98,-43,26,25,-92,-41,99,-73,-33,57,82,68,-87,-19,44,32,-35,-76,-42
-2,-58,-31,92,20,-35,11,-76,-98,33,71,-56,-11,6,-53,79,30,-75,13,7,-80,81,-71,-41,36,47,32,-92,27,-42,26,-34,-55,-47,68,-60,64,5,14,-74,-97,29,-94,-8,2,42,-52,-66,-1,74,-93,31,21,-79,10,-64,67,35,-20,-84,53,65,58,-88,-28,-5,73,-62,-26,88,-16,-3,-44,-39,12,23,-45,66,83,-38,94,19,50,70,-15,-59,96,-82,95,18,-36,-63,49,4,-18,-68,34,93,-14,-49
-79,61,-46,52,99,48,31,42,65,-17,-70,-68,-58,-11,-26,36,62,-32,34,-67,-80,9,-78,-44,-95,20,12,57,84,54,-55,86,68,-61,14,-15,80,7,-22,32,10,37,-84,5,93,-100,-35,-23,43,91,-85,-71,-65,15,87,-81,-47,60,-99,72,-88,-7,-28,19,-43,58,-19,-8,92,-9,-82,21,98,2,-86,82,79,-52,-53,67,46,-41,-69,44,55,-49,-39,8,24,-54,0,16,-6,70,96,-76,-13,22,13,-64
-40,-16,97,-55,-71,91,23,1,-27,33,5,64,-2,47,46,65,50,-30,2,-13,-63,-1,-57,-25,-99,-66,-60,-6,-20,-3,-49,-56,-32,18,-17,-41,-79,-64,-21,39,79,-31,3,-37,82,35,-18,-45,26,62,99,81,56,-36,34,85,-34,-33,12,-14,-10,11,-54,37,10,0,67,-35,43,-26,93,-61,95,55,-90,-97,-47,48,41,53,-77,-24,-87,-43,40,44,-8,-11,75,42,-88,14,69,-65,-59,7,19,-53,60,70
-42,-67,-19,-20,-82,-79,-62,15,70,46,6,-13,30,97,-1,-84,-16,-45,34,-22,-93,23,56,4,87,-61,55,61,77,100,48,42,83,16,-9,76,-5,13,-49,22,-77,-72,-41,-25,-4,21,62,41,-70,28,69,8,-65,-12,39,-86,-33,12,-54,-7,66,85,-97,-29,27,96,-75,-10,50,80,10,92,64,-100,33,-2,7,-8,94,31,93,-38,-78,47,-99,-68,51,67,-71,-73,-89,-57,-85,-88,54,-91,72,-28,-80,91
31,87,16,-14,-15,-60,37,99,-17,-61,-20,33,1,-62,4,86,47,94,-66,-90,-49,82,9,58,-79,89,-71,70,-42,-25,78,-31,-13,-47,-78,53,75,-27,-22,-87,-32,-35,-10,30,25,59,26,-50,-2,40,97,-26,5,18,49,42,68,83,-7,10,-11,54,-56,-19,-4,8,-40,-89,-68,60,96,-6,91,48,-52,85,-51,-70,-41,7,57,63,32,67,-69,35,51,72,-96,22,21,-83,20,-5,-58,74,-3,-81,29,80
-19,-60,6,48,-26,94,-55,-56,-93,82,-61,-92,42,8,-49,89,45,100,29,-9,19,-67,96,-33,-66,-10,4,72,-65,-97,38,37,-84,-54,-90,-45,-72,23,93,10,-47,-20,-52,25,27,35,76,34,-17,11,40,-13,59,61,-99,-14,-95,64,58,43,30,-1,55,-96,20,-62,-37,-91,21,-68,22,7,39,-71,-74,-4,-73,0,-29,-89,-7,-70,-12,52,16,-87,95,33,-48,53,57,-50,-15,-83,74,-51,17,44,-81,54
84,30,76,79,-21,-71,-8,66,60,-13,19,-6,1,-46,53,18,96,24,26,-66,37,-4,36,-27,77,9,-74,-63,17,49,100,93,41,72,-64,-20,89,-28,56,-59,-89,-93,3,32,85,82,23,7,94,-56,88,5,-24,-26,-37,12,-16,38,-10,78,-60,58,73,-38,10,43,-22,63,11,16,-48,-75,-11,-86,-81,86,-45,22,-31,51,-98,-43,-73,29,-32,31,25,28,-2,-33,70,44,-47,8,-58,92,62,33,-78,-82
63,-92,-26,41,17,99,80,4,2,92,-18,-98,73,-21,55,-31,86,-83,93,-89,52,16,38,-2,13,60,85,-50,28,-36,48,-73,25,78,35,-95,-62,59,-100,18,-65,69,1,88,49,33,56,15,-46,-32,96,-78,-87,79,83,98,31,-30,27,46,36,-25,-53,-44,-68,-29,42,64,-71,95,19,-81,-47,8,-38,37,-60,-10,-51,-55,58,-61,-42,-35,-40,43,90,3,-49,-3,57,97,-37,-77,-99,-86,6,-90,-7,-48
-37,-67,50,66,-17,-16,82,-24,-3,35,-47,52,-75,97,-97,24,7,-71,-41,-74,3,-1,-21,1,-90,-91,-33,-96,41,36,27,-10,84,-92,-80,83,51,-98,88,74,-34,23,49,85,-53,37,13,-82,5,96,-85,73,-28,68,34,6,78,72,-94,87,-88,-59,-86,-5,-2,55,-56,86,48,91,58,-63,-72,8,-9,-66,-84,26,79,31,-70,38,64,-6,29,18,90,100,-49,99,-22,-68,-78,22,-62,-99,63,81,80,-79
81,-52,-30,63,-11,-71,1,10,15,-75,-89,-51,-21,44,-76,-12,26,-32,-14,14,21,-26,-85,-50,37,-38,73,46,-82,91,78,3,60,-56,20,64,-93,-24,94,-100,-80,86,-48,-78,11,-18,-84,17,-95,-25,33,38,6,-44,65,-99,-35,-91,-97,-62,58,19,-96,-98,13,76,-6,-92,-47,-1,34,39,-73,24,40,7,93,72,-74,-57,54,-33,-79,61,31,57,-72,67,-67,8,74,51,80,-77,-43,97,52,41,-60,79
-67,-100,-98,-13,44,-19,-45,-17,74,20,-22,13,61,83,-63,29,50,-24,-82,63,-10,1,-99,95,-65,10,-4,36,-89,-18,-30,-3,65,25,21,38,91,69,-56,-49,-71,-25,94,31,100,99,-70,-47,-42,-85,85,-50,98,-46,96,17,97,-14,-86,81,34,-52,77,-7,-74,24,22,26,76,90,60,80,-55,-8,-34,93,53,46,-41,16,45,88,-76,56,27,-58,55,15,12,41,-37,-72,5,-79,79,-75,-78,71,-32,59
28,-38,59,-18,14,21,89,-54,22,-40,-95,-86,-48,-17,30,72,10,-19,-50,2,-6,-57,44,-87,-52,64,57,34,-55,8,-73,-35,47,96,15,-20,-93,-71,3,0,41,-84,-78,49,-41,-7,50,67,51,-72,95,31,-16,-91,-77,80,-83,12,-68,-11,-1,-23,26,20,6,40,-81,-32,-94,-69,-25,-13,93,74,-26,61,-79,43,-34,-45,98,54,-80,5,16,53,-9,-59,84,-58,77,65,-8,-53,-46,-63,71,17,79,83
-34,-11,-9,44,39,-49,-91,25,-29,46,30,82,57,-5,36,43,13,-56,-63,19,-71,94,-58,-57,75,9,60,16,-45,97,23,88,-52,-93,98,22,73,77,-55,79,74,54,-18,69,84,-14,-26,32,-27,45,-42,72,-10,-96,86,-61,-6,91,-33,-22,-60,-44,-95,-38,66,70,51,-88,42,-81,-23,-68,76,-19,29,34,52,78,-17,90,-41,8,-50,5,40,64,80,2,15,-76,-31,-77,-36,-90,-54,-28,-40,-7,-8,-62
-34,65,4,27,-62,63,-55,30,-96,100,6,55,67,87,91,-48,-70,-52,71,80,8,2,-50,-67,99,-30,53,-64,-78,-8,97,-6,-9,38,69,95,66,-90,-31,-42,-29,22,-22,14,-97,81,-68,-100,47,1,48,36,-44,15,-58,61,-53,-59,41,-80,-12,-71,-17,40,89,-20,-36,-72,-46,-11,-87,-37,77,21,25,-99,-33,42,-75,75,86,46,-61,13,82,-74,90,18,-98,-45,68,96,59,-19,9,50,-69,-10,-66,62
-63,-85,74,-12,-32,-50,100,53,4,-3,62,46,-61,-53,59,1,11,50,-25,7,-79,55,47,-37,-64,-20,79,-65,-10,-51,84,0,44,-11,41,-69,65,48,19,71,-34,-75,94,-29,24,45,-80,58,26,-86,-44,9,6,16,-81,-33,3,-6,88,-45,-39,60,-30,70,40,-55,-40,-9,-56,93,-73,-27,-35,-57,-67,-24,56,-15,-91,-49,-60,-1,-54,36,49,-38,-90,78,32,63,42,-82,-70,35,-21,39,-14,-59,-7,-4
-19,-13,53,-57,-54,-38,6,28,-2,-12,-4,93,-66,-24,81,-30,5,72,-61,21,37,-77,44,-43,41,70,16,-91,-70,-62,59,36,-60,92,-92,80,49,-8,98,95,-80,45,-82,8,4,-22,18,43,91,97,-21,79,88,89,-81,-93,-63,0,-99,-47,-37,-32,84,-67,-41,25,42,38,-6,99,77,68,67,-48,51,15,-69,-36,-73,24,76,85,-52,-58,86,-50,-55,-34,-89,73,-44,-86,-3,29,69,57,40,46,3,-65
42,100,30,-8,-27,-24,-54,66,64,-39,-29,-66,-19,15,-65,39,-4,-13,-44,-41,-81,-69,-53,80,-2,-85,-50,35,5,-64,14,-3,58,46,-96,7,-45,-56,0,10,-43,31,-83,26,-73,-63,-47,-1,69,18,-37,65,57,3,-91,32,-17,-28,-49,-11,84,-22,90,19,82,83,50,-74,-70,-58,-82,-100,-55,-25,-10,71,-35,8,-38,16,-75,-32,-23,21,97,-84,1,-46,-60,13,81,88,76,4,53,-51,78,12,40,79
28,62,47,69,79,-82,61,77,68,96,-61,52,-12,-84,-58,74,95,-99,26,-3,2,42,29,-15,48,89,-94,-98,-81,-89,-40,-54,94,64,-67,-49,73,-74,-93,91,-53,-1,-76,81,-31,-27,-70,20,31,-59,-96,92,72,12,13,-17,21,-73,-66,-60,33,49,11,88,-86,-29,36,-72,40,-10,78,30,97,-88,-18,14,25,5,6,-92,18,-77,-9,84,82,-41,66,-95,-57,85,-50,-80,-56,4,76,-13,60,63,-24,24
-83,56,63,73,-40,-36,-70,21,-4,57,96,-14,-8,-9,11,-20,-66,-41,24,-60,18,-42,32,44,-57,-3,-71,-97,-39,30,20,-10,-53,43,-46,50,-30,19,-7,70,88,97,54,-55,7,76,-19,27,61,14,45,8,38,-96,-90,81,42,-78,10,39,33,34,4,-54,-85,94,-43,66,-89,-26,-79,95,-77,-65,67,41,68,98,-44,-61,100,3,12,35,29,47,-23,-15,15,-34,-45,-49,64,-92,48,-69,-50,-84,-22,85
90,-24,-92,-67,0,13,-85,56,54,74,-56,5,-96,-69,31,55,-29,40,-73,84,39,21,-87,49,71,-60,59,64,8,-57,52,-33,6,-72,77,-46,-48,-40,69,-61,35,-42,-97,-44,26,62,-82,58,87,95,-5,-88,68,92,-52,-99,91,-83,-34,-51,28,-70,-39,-6,-21,-16,36,34,72,-37,46,33,57,45,25,-13,60,-95,42,-94,-36,-49,78,-65,-4,9,-74,-22,-77,66,93,3,19,-43,-26,18,89,10,20,29
-61,52,14,-17,-65,-50,-9,-42,-71,36,-53,-72,-3,-8,5,-12,-69,-4,19,56,33,-15,-52,22,81,18,-16,-97,15,54,55,71,-98,92,-34,-87,17,94,89,-54,-44,-62,66,79,-7,16,49,-73,-93,11,-13,-66,-80,84,-84,23,-81,86,48,-1,-32,87,-76,3,-26,82,40,-95,64,61,-39,0,-91,-24,-22,-48,45,62,95,-92,69,10,-55,-45,-18,38,75,-46,-59,-41,1,-86,28,51,-75,78,6,-38,60,-51
-22,-66,58,-97,6,13,-38,25,-89,94,-1,63,-82,-85,37,5,41,71,-27,3,68,78,21,98,-72,2,-67,39,-99,73,-65,-5,11,-4,35,-51,81,-56,28,-58,-64,-43,69,100,-42,-13,87,75,-87,-15,24,12,0,40,44,-32,7,-25,34,-37,51,90,18,52,9,45,-17,14,-28,-61,15,-96,-45,-52,-71,48,-78,-18,-80,76,66,-9,57,22,-14,-8,-60,-29,74,62,-93,46,-31,-70,23,92,-63,-100,-54,16
-47,-8,-100,-32,100,-38,47,-5,64,-85,6,-78,11,-80,-11,-37,-4,5,-45,-95,95,-66,54,-18,58,30,-81,-84,-15,51,-10,75,-83,83,41,-20,26,-75,89,-12,90,37,23,-9,77,-17,50,0,10,-82,24,65,-7,36,66,82,55,-99,80,-72,-77,48,-52,-76,43,71,-93,33,62,13,15,-14,9,16,-79,-74,94,53,-69,25,97,32,-97,-35,79,28,-25,-62,38,8,-33,63,52,-44,-1,87,-2,73,-73,-71
-84,98,-24,31,-7,-58,75,-2,-54,42,3,-32,86,39,67,-38,55,-39,36,62,29,51,-80,-86,19,-42,-31,43,100,40,-97,68,26,88,10,-98,-30,46,-4,-92,48,-18,-8,-35,64,-53,-29,-55,-17,90,-59,27,-81,-25,70,-13,96,-90,14,-67,-22,82,65,84,49,4,-1,-14,-71,1,69,-75,72,78,53,73,-33,-47,17,28,18,-45,-68,-40,91,79,-72,61,-26,24,92,-3,81,38,-23,-34,-77,-76,-56,-21
45,-44,94,-51,-93,10,-15,-14,-48,-22,18,-3,-5,-81,56,-86,49,-40,77,-89,44,-31,-66,-17,-37,0,58,-23,22,-34,48,-18,61,-42,63,-50,88,-76,-80,36,-74,14,19,-35,47,32,95,-13,51,73,21,-95,27,-9,-41,5,-85,-96,85,-94,71,25,8,13,-65,3,52,65,-32,-43,-38,-39,4,99,-73,41,1,17,35,9,78,43,66,30,-24,31,-33,-56,-61,23,-28,57,11,54,12,55,-84,33,-11,-62
64,-66,-84,-44,-50,55,-82,19,-99,81,-74,-30,68,83,-88,62,49,-67,41,-7,82,6,59,18,-71,70,-91,-55,63,100,-13,-26,25,69,-14,-96,-32,16,14,-78,22,-5,-2,-9,99,-94,4,8,65,-43,30,-42,60,-20,51,21,-16,74,2,-58,85,42,-90,-69,47,7,88,46,37,35,50,73,-98,72,91,-52,45,34,77,92,13,43,33,29,-93,-75,-3,11,-19,0,61,-56,-81,-68,27,40,93,58,-37,-61
33,-90,-30,-8,-81,-51,2,60,43,-86,-33,-76,-10,36,-7,46,94,37,-15,35,-97,-66,96,63,-61,55,80,-49,-82,20,-69,61,-27,-43,84,16,-93,-38,22,-28,74,-50,-23,-96,-31,17,48,-54,-64,23,-14,15,-92,78,-98,-26,53,66,57,62,-1,-60,4,-24,92,-19,-99,-36,50,-16,65,-55,25,-39,41,30,71,0,-47,75,-75,-41,83,26,89,-88,-9,6,9,54,-5,-89,69,-12,-11,-63,-68,-46,-80,-73
-27,5,10,2,93,7,8,-50,23,-5,-90,-100,-91,-68,-11,-14,24,-92,72,26,-42,53,40,52,-48,97,43,91,76,85,-58,-78,45,17,42,90,96,-80,18,-62,-34,36,-16,-47,21,-28,-3,-22,86,-89,-13,-49,71,94,92,84,-96,-63,68,100,-57,-44,-46,-54,-30,-94,-93,9,66,-74,-61,-70,88,15,-1,38,-81,-45,19,-8,62,-17,4,39,-37,27,87,-41,3,70,82,69,46,83,-67,-66,32,80,-19,99
-99,-19,2,25,-34,-4,64,-70,-93,-47,-42,53,-90,77,-26,-65,-56,51,-9,27,37,-78,19,-13,67,22,86,-29,12,-18,-60,-88,-45,-75,80,47,-40,89,-22,-95,44,36,-25,14,-98,94,-77,34,92,-62,55,35,-32,-21,42,78,45,-48,-37,-100,58,-89,-2,21,-35,-1,31,38,39,-92,-66,6,69,49,-58,88,-31,-23,10,-79,-96,57,-17,-61,-64,-33,-52,-30,-97,59,68,-54,46,24,26,-27,-91,93,3,33
-21,27,22,10,-34,96,-76,-53,3,-50,98,34,-23,99,55,-28,33,-1,-22,81,94,59,-25,35,-26,39,-54,-97,11,-15,-89,32,-48,-37,51,-14,85,15,-81,74,4,-59,-98,30,-75,-71,91,83,14,-67,17,-8,-58,-17,54,-13,-18,-87,-30,77,44,50,63,-95,-83,-85,13,-96,-42,-43,62,100,6,73,-27,-2,69,68,60,-77,78,-69,-39,71,-86,47,41,-78,-36,-52,-93,20,-72,23,28,-35,-7,37,61,-57
-88,-33,78,13,-83,12,71,-100,31,-34,26,44,30,33,9,-37,51,-41,-54,11,14,-19,67,95,8,84,-4,-59,17,-46,-55,36,79,-12,-99,-85,-10,-56,-67,56,-82,-69,35,5,87,-39,-23,61,52,-8,43,77,-45,29,83,73,54,-1,21,97,-70,-68,22,3,76,50,-35,92,-76,-97,75,-66,-84,42,80,70,-86,-30,1,-40,-36,37,-28,-17,-79,53,-81,-62,-47,-18,-77,-26,100,-20,7,74,-9,15,-13,-14
80,60,44,8,-75,-71,68,-49,17,-1,-82,34,-73,-56,9,65,20,-94,19,98,36,48,-5,-27,71,-53,30,32,-30,-14,-70,28,-17,-24,42,57,78,-59,-72,-47,-51,29,1,2,61,13,18,14,-95,-96,26,-86,-6,79,52,94,74,47,27,6,-89,-16,-52,22,63,7,93,-32,16,35,100,55,12,-11,84,3,-55,-77,-21,-20,-50,-22,76,-85,99,91,-12,-83,77,-58,83,51,-7,56,89,-44,-74,21,40,69
-10,63,29,3,28,52,54,45,-29,19,21,-11,-6,-5,-26,44,-94,89,-36,95,77,-88,-18,-55,15,-80,-83,-76,-45,-87,-75,35,-44,-47,47,38,-37,-77,-66,40,-15,20,-93,82,32,-70,-23,46,78,69,-51,25,23,-35,-72,84,-95,-7,48,80,4,-74,-85,24,-99,-58,6,5,-53,16,-65,81,-69,10,-61,13,33,64,-64,-62,67,-41,86,-31,56,-100,-59,36,-12,-89,79,-71,12,92,34,94,-73,8,98,73
-100,-20,-4,-37,39,86,17,50,75,32,1,-98,33,9,36,59,20,92,78,40,71,-74,-49,16,35,7,53,-56,-29,64,-79,-28,22,-60,-93,-24,72,14,26,-94,-92,24,81,70,49,-90,6,-57,8,-82,-88,12,87,31,-25,94,66,90,-97,-96,-53,-50,42,-54,-38,47,-84,-31,-61,-68,-89,-70,-73,-83,-27,76,45,-39,-40,-99,-58,-78,-87,-72,-8,-64,60,-48,-62,-59,85,10,-17,58,-47,-10,91,89,-5,-42
55,-93,23,-92,68,-27,-87,-35,-38,-76,-32,81,-52,-65,39,-75,-100,-68,19,64,3,-8,100,87,7,-70,-55,-18,69,2,-33,1,-51,46,49,-30,99,-69,52,-4,-59,-25,89,65,-40,-44,30,-79,-82,88,8,16,-66,-19,-73,86,9,63,21,74,17,42,98,-3,-31,5,-9,-10,-78,28,-99,31,-74,-6,-91,-96,-62,-60,-11,93,11,96,34,37,32,-26,75,40,-77,-63,-67,73,-37,-45,45,-48,-86,22,67,-46
-39,19,16,10,-36,-41,-76,-45,-78,-8,-83,-3,90,71,96,51,-40,-65,18,26,-100,-94,22,43,-12,1,-82,80,8,56,-35,-53,100,9,77,91,59,-21,-77,28,-32,33,-57,-74,-38,-67,17,83,70,-13,49,82,-56,73,32,-49,97,-24,60,-91,-89,-70,40,27,-29,87,67,47,-86,54,-4,-69,-23,-97,68,11,92,-46,-71,65,-11,41,94,84,61,-18,-95,-59,-66,48,7,89,86,-96,12,29,21,2,5,-93
-30,82,-100,24,-85,17,84,5,-45,92,10,-62,43,16,54,100,81,9,-43,11,18,95,64,35,91,73,-37,62,14,94,-12,-86,-9,-19,46,33,70,-35,-75,-88,-36,65,53,-41,31,-58,-52,75,22,-59,-20,-44,51,86,50,-78,90,-60,-23,-7,2,77,28,-69,30,69,23,-25,-77,-22,39,56,79,74,61,-14,60,25,-13,71,-55,15,-76,49,-16,38,55,-94,36,1,68,99,3,78,96,-47,-4,-66,-56,-57
-55,26,100,-85,18,-98,-83,-58,-22,-29,2,-28,85,-70,38,54,87,-24,46,-33,-12,43,-45,51,56,48,37,77,-64,89,-40,-6,82,35,62,52,-36,71,60,-13,49,4,98,-14,-88,99,-20,-57,22,80,16,20,-44,42,-53,-91,-72,-94,90,-54,-74,-18,30,-97,-39,-8,91,-50,15,95,-15,79,3,-81,-68,-93,55,88,76,81,65,25,21,97,-19,-49,-79,63,-37,-73,-80,94,9,-23,72,-100,57,19,92,-86
-24,68,39,42,-9,24,62,-7,-13,37,95,-40,-16,-42,12,71,50,52,-68,-47,83,-61,63,3,19,-1,-99,-2,27,38,-84,-54,-50,81,4,93,-45,82,56,-65,-20,1,-81,67,-88,84,92,18,-46,66,31,51,20,77,-5,-93,-71,96,25,35,6,-21,-74,-29,-75,-63,69,29,13,-8,34,-51,-6,79,-67,46,33,9,-86,23,-49,-77,-22,61,11,57,21,-11,-96,75,85,58,-98,-23,-12,-14,2,-56,-83,-25
48,24,-87,64,-14,-6,100,8,9,-28,-64,-95,50,-8,-37,-58,-54,65,-30,5,92,-59,68,-38,89,-47,-63,91,60,77,79,-78,-26,98,-42,52,61,-90,53,-66,-92,76,-98,-68,40,25,-93,-11,-74,-55,29,36,-51,-69,-27,74,20,12,97,31,33,55,30,-36,84,7,94,-19,66,-73,-65,71,-84,-1,-70,-77,82,-81,22,73,-91,90,93,-48,58,-94,59,-15,45,-76,54,96,81,-50,43,-99,-21,-12,41,-80
-9,-32,-53,36,-21,47,-66,-85,15,-41,85,-42,21,-36,-4,-20,99,81,23,72,25,62,56,-68,30,52,67,69,-23,-47,44,70,-45,4,97,-78,-15,14,49,1,43,100,-50,5,-55,-30,13,-59,-52,-83,-99,71,-75,-17,16,68,-58,-39,20,-28,-3,33,91,60,-14,3,-26,-12,17,35,77,-6,-46,90,-11,-80,-92,-70,-44,42,-34,29,-56,-65,-60,39,-74,-81,57,37,78,2,93,-25,-79,-88,-5,-61,94,51
-25,44,-26,12,-70,-99,-72,41,62,25,74,-54,-19,89,22,34,-93,96,73,-60,42,-90,-65,-39,45,-1,79,14,-76,-43,93,-3,-48,-64,88,87,1,-38,48,-13,54,72,19,57,-14,-2,-49,55,-16,28,13,-52,-67,71,76,0,95,9,-12,47,-82,-61,-31,-37,63,-29,16,67,17,65,81,-77,-30,49,-28,-27,-71,-75,-45,64,97,-11,100,-17,-35,-96,-23,-78,-98,-24,66,-32,-79,-92,23,92,-44,-85,11,43
15,-33,-80,11,-52,83,51,-85,-28,9,45,16,71,5,-79,68,32,1,99,74,0,98,-67,4,96,17,97,64,-10,76,-81,-26,84,-1,-23,-6,87,20,-91,21,66,43,53,-76,61,-69,78,-20,82,27,60,35,-63,90,28,-17,-94,8,18,70,12,-100,-58,49,14,-22,-48,39,-30,77,-74,-97,7,-39,-32,-40,-83,-37,-2,-27,-89,55,-95,88,-73,-24,-18,42,-12,6,-86,-46,-66,-68,-25,89,-87,57,-16,73
-33,14,-23,-40,73,-98,80,-2,8,-56,-59,24,48,-57,-93,-96,61,53,26,67,69,39,-42,-38,-1,-20,-41,62,98,100,-30,27,-39,-60,-24,-37,-4,-48,-84,16,49,63,1,-7,-3,-65,72,9,23,75,92,36,-9,97,-53,60,-67,91,-15,54,-54,46,85,18,-61,-66,-13,-76,76,-6,79,90,-35,-5,-12,-73,82,-97,66,-91,68,19,11,40,-63,-31,-22,31,57,-64,-79,-34,12,47,50,-87,5,-46,-27,84
84,5,-91,99,-62,75,-59,34,36,91,-8,23,43,16,93,-41,83,31,-53,10,-20,-25,26,14,-47,-21,60,32,89,40,8,28,-77,-4,86,29,85,-36,59,-78,-13,81,-12,87,-37,69,37,-28,-75,61,73,-19,50,20,-42,55,-11,6,38,-57,-79,-56,-60,-72,-23,-99,-93,-66,53,-71,-82,79,18,54,-50,-24,-69,-54,15,0,2,-55,71,-63,-87,-43,-64,58,-84,33,-74,98,-22,72,65,-5,12,11,35,-61
-70,61,89,72,93,-66,-5,-43,-83,-22,16,20,79,-27,-88,-94,81,-55,39,-39,-60,46,14,-14,-54,-58,-79,-50,-32,22,38,34,48,27,-82,82,84,-41,-67,37,-59,-73,51,-37,-25,-95,-89,44,67,85,1,-99,-8,-68,-56,54,36,92,-69,83,95,73,15,-7,-77,-30,80,-93,-74,-6,88,62,-28,63,86,66,-11,-9,-26,-57,94,91,-16,53,12,64,-33,90,99,-85,-18,-51,19,-20,-15,-61,-98,6,24,10
-35,-15,16,-69,-22,-50,0,63,-45,-8,89,11,-80,-6,-84,10,35,19,32,-91,74,50,-32,-88,-86,26,12,-1,6,25,62,-5,45,-47,-29,-7,36,-10,-63,7,-23,-33,-25,79,40,-93,49,-90,70,-24,39,-95,-43,-70,-78,90,-3,-79,-53,-21,-94,84,18,37,-38,-62,-12,52,-72,-66,-52,15,60,33,-57,-46,-98,55,-48,38,-20,22,17,-73,69,-68,-83,2,-49,21,-44,-59,5,-27,59,53,-56,30,71,23
-14,32,48,-39,33,-67,-38,-33,59,22,95,-57,-7,39,55,-13,68,-32,78,-19,37,-75,-96,-2,57,44,88,24,-94,-23,50,96,-79,64,34,-53,-8,-54,17,-20,-52,35,58,45,-84,-77,-71,20,-72,13,-64,93,69,-88,-22,-81,53,85,12,-10,-31,-30,-21,-80,83,67,92,71,-99,27,-51,9,-61,21,-78,23,-62,-70,-29,-37,-4,14,-36,-35,38,26,31,-93,-16,-6,84,62,-74,-59,-56,-97,16,-63,81,1
-7,-36,56,-68,-41,-65,21,44,-89,99,55,2,96,25,13,-23,-29,-55,89,-25,-30,-71,61,100,-3,-66,95,-60,-95,35,-38,-51,97,-13,-9,-42,-49,-27,83,10,-2,-84,-1,57,46,4,-73,30,-17,1,14,69,63,-58,-45,-54,-32,-64,-72,93,76,39,-67,-80,-99,54,-10,-37,-94,87,20,-26,-18,-39,-24,42,-74,-50,65,-93,43,17,22,-61,3,29,5,9,-44,-28,-22,-92,90,-78,49,86,-57,-34,84,38
100,18,69,81,84,-15,96,-26,21,-37,-48,-71,15,73,36,46,66,-46,1,-10,-43,-5,-64,-3,-18,92,-25,-17,-85,20,10,-98,-82,-1,-53,-76,62,97,-80,-97,60,27,-66,49,42,4,85,-86,52,19,-8,-81,14,41,91,13,11,72,87,68,3,44,16,8,98,-99,75,-7,54,-74,-16,74,-32,-90,-67,43,-34,71,-77,-40,-41,-62,-96,26,51,-38,-83,55,86,-65,-31,9,29,83,53,-36,-70,-11,38,34
-73,25,69,-29,85,20,-97,-74,72,8,-79,31,-32,4,44,46,-16,-98,39,-70,-69,-35,76,-49,-82,-52,90,-23,-57,82,-100,-13,68,33,1,75,-7,95,99,22,-17,-76,-77,38,-66,55,-34,-43,-54,-45,-44,19,-1,27,-31,89,93,-53,53,-24,-39,-20,91,-60,61,-41,-83,0,-6,18,-27,62,-8,-84,74,12,-3,92,40,48,43,15,-48,77,57,-50,-88,11,-62,36,-12,-78,-65,94,88,-81,-37,-47,9,23
-86,-61,-95,39,-93,47,-26,31,81,51,32,74,-63,-75,-34,-2,-30,38,-24,53,30,71,98,-69,90,-91,37,89,55,-36,-4,3,-52,-96,-89,43,26,7,0,11,18,36,19,35,16,-54,-72,84,97,72,-40,-15,-74,-42,87,82,-14,17,48,10,-62,-32,-10,-11,12,91,-55,23,-21,-58,-5,-70,58,24,28,-87,-18,-57,-1,-97,46,-47,9,-9,4,-13,69,-99,-53,88,33,56,-23,-67,-84,-43,59,99,-65,-92
-92,15,-56,3,-69,22,-2,44,-96,73,-4,79,-24,-75,-94,-48,47,75,99,-81,-34,-57,-91,76,71,-58,89,85,49,-41,56,-93,83,2,61,98,-52,-5,24,-43,-30,-50,-86,63,-8,-62,-78,-37,78,-19,-29,64,6,68,93,50,-77,-1,25,67,-64,74,35,11,53,-88,37,55,36,86,20,4,34,30,-87,0,-11,-47,-46,-15,80,-55,-97,-61,-89,62,-45,95,-63,-54,-51,87,82,-31,10,59,-14,40,14,-67
-86,12,-72,24,-67,92,33,-1,96,14,-8,-15,-76,55,-9,81,-92,-57,51,-13,26,-37,31,-45,-89,88,-36,-50,57,-59,-6,-2,-69,47,39,65,53,-60,83,63,76,-87,45,95,72,-47,-41,54,-26,4,-80,44,-33,35,59,46,-95,94,37,-74,60,-56,-51,-27,70,90,-99,-93,100,50,-64,-78,25,-46,30,5,-29,-84,42,36,-81,-54,-31,-55,-32,-35,29,-73,-44,10,48,-40,18,58,21,8,3,91,-11,74
89,-27,-56,-8,4,-75,86,-61,-91,-77,-79,2,-1,-45,48,71,-69,59,-65,100,80,76,15,-76,-17,38,77,-53,7,-93,73,-47,75,-88,27,-71,-30,-95,-24,-60,8,3,-13,-59,-96,-34,74,-20,-58,14,55,6,33,-50,-12,25,0,44,72,-6,-86,-51,-10,-36,98,-33,-46,87,-57,69,-26,78,-2,88,-18,81,50,-87,58,-70,11,21,31,10,-89,-44,-48,-16,-43,9,23,64,83,-64,-94,-35,16,20,52,36
-57,-2,-98,61,96,-50,-87,90,83,19,35,67,-39,53,25,-18,74,77,18,10,2,57,48,47,-10,43,-34,-13,-90,56,-52,-72,-17,-69,93,-30,-73,15,71,70,-88,-49,-35,84,-4,-37,-42,-93,12,29,-75,-29,-95,52,39,-76,-81,-23,-70,55,13,-22,4,38,17,-36,65,-15,32,27,30,-20,-79,11,7,-68,1,37,-44,21,58,-40,-89,-99,46,73,-62,-71,-3,85,31,99,-56,82,33,36,86,-28,-74,81
63,-22,19,-1,-41,89,-25,-78,38,-10,91,-65,-83,-68,48,59,82,42,83,-88,81,-44,40,-46,57,67,-53,-91,97,-80,25,93,-61,21,98,-71,43,-8,-37,51,-21,20,39,-43,-89,-18,13,-66,12,47,-50,18,64,77,-55,60,33,-32,8,80,86,70,-15,44,-36,-81,5,14,-56,30,-59,0,-5,28,-12,74,-70,73,85,-11,-94,-90,96,46,-58,41,-77,37,-47,55,2,-62,1,99,-75,9,-54,76,52,68
46,-69,34,51,38,-31,76,52,-23,18,-34,-22,-82,13,-84,6,-15,-77,47,-4,3,-19,74,-67,39,-80,-90,-12,80,56,-37,28,0,-93,58,1,-45,84,-16,-29,88,-46,10,79,-25,-66,35,7,-43,-99,-49,33,92,-97,37,93,100,-81,-30,73,87,-20,62,30,54,-27,-70,27,-1,-8,-74,50,-33,57,71,-61,-48,-54,-79,42,-78,-59,4,-52,-28,-68,-47,-60,-38,12,-58,-32,61,-9,36,17,20,48,29,-18
85,-48,-50,-65,10,-24,-96,0,16,50,31,-70,99,56,60,-57,-16,39,-29,-86,-43,-4,42,-37,-64,-27,-54,65,-26,-7,-68,-44,72,75,-35,76,-52,20,58,82,-67,19,-79,-40,-83,-31,86,67,-2,-84,53,48,-66,-73,-78,-59,-13,-5,69,5,9,14,-58,28,-25,-6,3,71,46,17,-97,18,52,21,-33,-91,4,63,70,-34,12,-8,-93,7,79,100,-89,44,-74,36,-12,-19,49,91,-51,35,94,-42,61,93
-76,-6,1,99,14,-28,52,76,97,100,41,-18,10,-52,-29,80,-44,-20,50,25,98,35,-67,24,-26,-91,21,48,74,13,-31,-72,78,39,-86,18,6,77,51,43,-78,68,-71,7,-23,-62,-85,-80,22,0,44,-99,-46,65,-14,69,-40,-12,-69,91,-83,31,86,-51,-57,-55,89,62,49,-77,4,-50,-73,-56,-59,81,-3,-88,-68,-30,-19,-24,-42,47,64,5,71,36,58,11,54,38,8,-60,19,-32,32,29,33,27
77,66,51,85,-48,40,46,-38,-79,62,-69,63,94,-6,-10,-34,52,29,10,-87,-50,-97,-3,67,-58,-60,89,-98,-26,80,2,32,-71,69,-8,-82,-25,92,-2,5,-53,-57,100,58,1,26,-4,27,-70,-37,-73,-92,28,55,33,-85,-32,39,11,24,-89,-16,-7,97,61,-36,-13,34,45,-47,-67,59,-56,-95,-100,44,-74,-76,15,-51,93,-49,17,-65,13,-1,86,-93,-66,73,21,42,-86,-96,-63,75,43,-52,12,-28
-24,-90,86,96,-81,-41,-71,53,-88,-34,-65,-61,70,34,-39,49,-60,-16,61,-22,26,-3,66,-48,23,-64,56,6,-87,-54,-89,-47,-46,-56,41,-12,-50,-55,65,-62,3,81,-66,0,29,77,72,90,24,73,-26,-57,45,-94,-4,51,-74,64,11,91,-15,55,-17,-7,-75,44,-18,37,-51,54,38,-68,67,19,12,99,-2,33,16,48,-80,4,93,-69,35,95,83,59,32,-58,-6,15,84,58,42,85,-33,-83,87,-42
-79,-45,0,22,-14,60,53,39,-15,83,27,-95,15,50,-58,-8,-24,18,-93,-82,5,52,88,55,6,-38,-13,97,-81,66,-99,28,1,-64,-80,-5,-53,96,24,9,56,74,-89,29,-23,87,78,-96,-65,14,71,19,-83,-6,-22,-54,-98,-17,-69,-55,67,35,-68,-34,36,86,31,-19,-4,-60,33,62,12,58,-3,-76,100,-87,61,-1,-47,45,-33,-46,-28,32,54,49,38,73,-11,-57,34,79,37,11,-18,-7,-29,30
-35,71,69,-2,-70,-5,15,-51,-49,-96,-24,3,-33,-1,37,-60,-48,-79,76,-58,-21,-83,0,97,87,-22,44,-4,35,-28,-53,65,21,88,-94,52,-19,18,-40,-90,79,38,34,17,72,-55,-81,-42,-17,-6,23,-77,95,89,-80,92,-68,98,-89,-47,-95,8,48,96,-91,-41,91,56,64,47,-88,-29,-63,-23,30,2,-76,100,60,28,19,33,-37,-18,70,-12,-39,16,13,-71,-46,-30,94,61,-75,55,-59,62,32,11
72,-28,21,97,4,38,59,37,-15,39,-87,33,-16,28,62,75,-39,-31,-61,20,86,-49,-36,81,9,12,-83,-48,-17,100,44,35,-73,43,30,99,48,78,91,17,54,-35,-32,-26,-99,-3,18,-34,40,93,22,49,-10,-89,-67,45,-11,41,64,-9,52,-91,94,-74,-68,61,85,14,77,-7,88,-12,82,-4,74,95,-82,90,83,-42,-46,-60,71,-84,73,63,-54,-92,67,-70,-78,-93,57,-76,-69,16,-50,19,-64,79
10,74,59,-64,-94,-10,-99,2,-81,54,-43,-52,-27,75,58,64,17,-24,-33,3,-53,-16,72,-18,32,-14,66,8,77,100,36,-39,-32,-36,11,5,31,-35,57,62,-5,-37,-57,12,90,-47,-76,-3,-23,-46,65,-71,28,16,79,-85,13,-72,18,-45,-19,-7,33,61,92,-63,7,-28,69,53,4,94,-41,-25,-93,-44,41,-82,82,1,51,-2,-97,-96,-58,-30,-79,-77,96,38,63,-68,-38,-78,0,44,-21,-59,-80,-66
-57,-66,88,43,-4,-61,-13,-38,-52,74,15,-1,63,73,-81,-37,-86,40,-33,0,10,78,-21,84,-53,-65,5,-2,-85,57,-63,-62,-5,99,90,-98,-100,49,-46,-68,-90,46,-99,-14,-19,-24,60,-95,48,54,-22,-91,-23,36,82,27,-36,14,89,64,-39,25,56,29,-9,-96,-44,-69,-15,-70,69,-76,41,16,52,32,-80,44,18,81,80,71,47,-71,-26,11,-31,2,-93,-73,20,12,96,23,-87,-64,21,-6,35,98
65,3,-60,-57,-56,-4,-8,71,-22,91,-35,35,-52,-67,-98,-14,-37,-50,-9,98,12,-29,97,83,-59,39,34,54,24,-11,-36,94,4,31,88,-46,-73,-69,45,68,6,-17,-95,-33,22,55,-79,63,-83,-86,-31,14,57,9,-89,56,76,79,72,-88,70,92,-23,62,-54,32,15,-92,-47,-39,-61,48,11,0,-2,-6,-65,-41,17,-64,75,-32,84,33,-100,-28,49,47,-87,-99,2,64,16,-5,89,66,85,58,-18,-76
-36,-30,9,42,-94,35,76,-53,81,-74,-19,15,41,95,-15,-10,71,26,49,51,-71,-69,47,18,99,20,17,-72,83,10,-78,-39,74,-9,-44,38,16,63,69,-50,12,-58,-64,-34,56,44,36,-4,80,-48,28,-41,79,-54,68,2,91,53,-99,96,-26,-3,-22,-89,-23,-46,37,58,5,-63,-67,100,-84,27,64,-70,-59,33,-83,-79,-73,60,43,-11,-49,-40,-82,-25,-42,-1,32,-87,-86,50,-16,62,97,86,-55,-77
-27,26,25,0,-62,89,-20,-88,23,-61,14,-40,-85,-93,96,95,29,-15,86,-17,18,74,85,-68,34,77,9,68,-92,22,-2,-7,-78,-44,-23,32,-19,24,-38,-24,41,-47,-76,55,-89,-33,-6,79,-90,38,8,81,11,-50,-74,46,-54,56,12,-5,54,-3,-36,-22,-75,72,84,-46,-52,-48,-13,-41,19,-72,-94,-9,6,-84,48,73,-30,-28,71,-99,49,1,-97,15,63,-14,82,47,100,51,93,-45,42,76,94,66
-65,-78,-96,6,-70,-44,23,29,100,-91,-40,-71,18,31,-86,-8,-99,34,-33,30,73,69,16,61,37,40,-25,-1,-60,24,94,-94,-31,22,-45,-11,17,38,-36,-2,28,-66,36,99,93,-97,51,-73,-29,0,84,45,-47,14,42,-46,91,-72,-77,50,-15,-63,82,-17,-79,95,-75,-14,-80,-19,39,46,-16,32,-76,-85,-24,53,-61,97,58,-35,89,59,-98,-30,-4,47,-50,87,4,-9,15,85,-54,21,92,-43,-18,88
-75,36,-67,-33,-10,12,-97,-93,-76,-19,-25,-30,96,99,-63,46,34,23,54,21,44,15,66,-29,26,8,-40,-77,-81,98,60,-91,58,47,68,1,-53,-45,63,57,-41,73,-95,7,64,81,-38,35,-62,-13,-42,76,-3,-20,53,-98,-64,29,9,27,-32,39,30,-48,-78,-37,14,-90,-8,-83,-22,-14,-79,-1,70,43,-72,48,33,-24,-26,-65,97,83,-85,-80,40,-94,-21,65,88,-88,-68,-28,74,-89,84,-71,-73,-87
-20,83,-32,-26,-83,-62,86,42,-58,20,-2,12,4,36,-54,6,-24,-52,-71,-84,34,-34,-67,-68,100,-89,-59,33,-90,35,17,73,27,-31,16,-37,13,46,21,91,-25,-16,-45,7,68,79,-74,25,-99,-36,-61,89,-96,39,61,-29,64,-56,-33,11,-88,53,85,22,-42,-91,-80,15,40,-15,-92,-21,69,18,8,-79,95,30,76,-95,60,-63,-73,-41,-27,66,93,56,-94,55,-48,45,-78,-39,50,77,5,48,99,-28
-57,24,-60,42,-15,15,-83,69,10,-6,-46,64,70,-85,48,-10,-22,61,-58,6,-29,43,78,-25,9,53,67,84,-14,30,17,-21,65,-61,72,7,-93,-56,-74,-90,87,82,-53,-82,40,-65,-36,-76,46,79,-79,-44,23,-81,-42,59,-2,47,-32,80,-34,0,-51,21,88,33,32,93,-35,-18,56,-55,89,38,41,-89,98,-5,-70,5,85,-88,91,90,-37,-63,45,76,-40,-4,92,-3,-19,44,-94,11,-47,-100,13,-28
-76,-42,55,-85,-46,-15,82,56,88,93,-67,24,-49,87,-60,-20,19,-100,-70,39,86,43,49,-95,-80,-91,18,66,69,-84,78,-21,72,25,60,45,-62,90,26,-92,-63,44,-18,-90,-57,-8,17,-64,5,13,-66,-25,65,47,83,-12,-31,-4,-33,-59,54,-11,50,-1,30,-48,-89,-38,-26,61,-54,-77,-51,37,-17,-82,-47,-98,10,-24,22,70,57,46,-40,-44,6,-79,53,-88,-94,67,-35,100,95,-68,20,-37,14,-3
88,11,-25,-20,9,-4,56,96,-57,-41,-15,-56,-14,-24,-47,80,31,36,-1,-65,27,83,92,93,-62,-39,8,-61,-82,-69,77,-98,42,-12,-79,-100,-10,60,57,-3,-86,37,-18,-68,25,98,-80,-59,-89,-64,-96,-16,5,-38,49,-19,-32,2,19,-5,-67,-8,-30,51,71,-50,-37,-48,-73,3,61,59,40,63,-42,7,73,35,-2,-83,75,-99,58,-26,-94,54,-27,-90,33,20,-6,43,78,-70,76,-97,-33,48,-43,-29
-45,-23,81,14,78,59,-82,-12,8,7,21,-90,9,80,40,77,-89,90,50,74,-49,-83,39,4,69,-73,36,83,-24,-65,19,-79,53,82,-48,61,92,-93,-92,55,60,45,-97,-40,2,35,-15,96,-53,98,-42,52,-87,-43,-16,-96,-94,62,27,-56,3,-21,-38,12,66,-84,-95,-2,-19,-1,10,31,32,17,99,85,58,-34,-35,18,-74,-36,-32,73,46,-9,5,-3,-28,79,95,-77,-98,26,51,-47,-31,-58,-44,-10
-79,-38,23,-83,61,-87,87,-98,-16,-61,-64,18,83,-9,-72,54,1,75,-76,-35,53,-69,62,-37,-78,-86,-93,40,-66,-6,60,92,43,-71,-34,-33,12,51,-97,-5,34,-84,-56,-14,67,94,-89,-60,28,89,71,24,56,26,-50,52,-91,-10,-29,82,-53,20,-70,7,6,-20,33,-7,99,-43,73,-59,-15,91,79,8,-25,55,100,-57,-96,86,-82,-67,19,84,59,66,93,14,97,-26,-58,70,11,-99,98,-40,-100,-85
15,-33,71,-40,-70,60,49,27,47,9,57,-50,18,87,-92,-65,98,-20,63,95,68,-5,8,-31,-87,85,65,29,-88,-55,5,-4,-53,38,72,45,-8,23,-13,-38,-48,81,-79,-9,56,-54,82,-11,84,-28,-37,64,-66,51,33,-80,-27,46,-72,74,89,20,2,-10,-34,83,6,-46,22,90,0,-21,-69,55,-86,-71,66,-61,-97,3,-94,-68,-67,43,91,77,-43,-75,-39,-17,-42,-36,-100,-29,-76,93,-89,-96,-25,12
-86,-76,-34,-64,-5,32,-7,-66,81,-4,-35,-51,-38,25,-61,55,-43,-6,94,-81,-25,-83,29,-18,-94,37,57,61,-89,-32,71,-1,-16,51,-62,-63,-55,-46,-80,49,-67,-88,-65,-8,27,26,84,-42,-37,47,-57,79,-39,34,-33,-87,0,-27,-12,-68,-15,-17,50,-49,-53,12,75,-100,64,90,20,6,-10,-3,-45,-22,56,87,89,-47,2,-99,7,93,-98,15,11,58,-54,-23,-73,-69,60,16,-14,69,5,-78,17,76
-73,-19,-29,88,-36,13,-26,-63,-5,10,64,74,57,33,14,43,-99,-70,60,12,15,69,-93,36,27,-78,96,44,81,-71,-94,73,49,-6,-38,-24,21,-74,56,-82,-10,53,-17,29,-42,87,67,-58,0,-95,-47,-84,-1,-14,-85,9,-98,-46,-32,25,86,-25,98,99,-60,40,-7,-50,-75,-53,-30,65,-31,-52,-44,20,-27,35,38,75,95,-86,-8,63,30,80,4,17,41,94,-49,11,26,39,-9,-37,76,-100,18,-59
35,-68,-17,45,-92,-52,68,-4,-86,6,79,-41,-82,60,-61,-29,0,-42,-81,-12,62,37,-19,1,66,80,10,4,98,21,69,-3,-79,56,-22,-28,-100,-35,14,-49,84,72,-74,-27,82,63,-85,-20,2,78,-80,90,-36,-46,39,15,-47,-96,-78,-76,-6,26,5,44,-8,-83,-7,-37,27,95,-67,28,100,-24,-64,-15,41,-91,11,-73,-59,16,-63,-30,20,67,53,36,-97,30,40,-10,-38,-65,-50,51,64,59,-72,77
-10,-62,-15,88,-1,-83,90,97,28,-82,-44,15,70,-55,27,-33,10,-92,-38,45,-35,-18,-100,-6,99,35,86,30,98,9,-26,52,-42,32,57,-13,65,-90,-67,-3,59,-2,-61,-51,33,-53,62,-58,-84,-4,-27,37,-99,-21,75,-96,0,-37,11,36,-45,61,-94,71,-87,-86,-25,12,89,69,78,47,-31,21,25,42,-56,-77,1,-60,-89,-93,-63,-79,40,-41,13,41,-14,-46,-17,85,23,55,-71,-22,-69,100,-29,8
-50,-80,61,94,-77,-4,58,19,16,89,-56,-66,-51,31,-40,35,-43,10,91,62,-62,63,-63,26,49,72,-15,-93,32,-41,-90,47,-3,-21,-12,-59,-18,-34,-52,100,-57,-53,18,45,0,-95,-27,-75,-65,-64,42,78,-20,-78,71,67,3,50,43,29,40,-22,17,-92,1,-71,-97,33,-72,-85,-46,-54,97,-91,8,24,-2,20,-33,-79,-11,28,76,66,-84,-88,-32,48,87,25,-17,-8,82,79,99,-87,23,88,-7,53
92,7,-15,-17,14,32,86,-44,36,55,-23,-79,3,87,-37,28,-52,33,-89,97,62,-98,-47,-13,84,16,10,81,43,94,-91,5,88,-61,12,-30,15,-19,-32,93,-77,9,-38,11,39,-43,-46,40,80,31,-41,60,49,89,-16,4,54,72,-76,47,-12,-33,98,-90,-66,-11,26,58,-9,-1,-63,-18,-99,-53,29,30,-85,76,24,-29,46,85,57,-42,-95,1,-62,23,19,-36,-67,2,37,48,-73,-59,-40,-51,-70,75
90,-27,-14,76,87,-18,-80,74,0,30,54,51,-41,-90,26,75,5,-17,-16,-38,9,-25,-30,-81,-9,98,-4,70,94,-8,6,-63,99,39,-46,-98,-39,12,14,92,4,21,-32,-91,97,91,-20,-97,-48,-93,84,-43,77,42,-34,-94,66,27,-77,61,56,-45,22,53,-22,37,3,-70,-1,-51,96,69,-21,-75,-53,65,-58,-5,-69,95,-11,31,-47,-56,-44,86,93,-72,23,-2,-42,58,36,-86,1,18,-23,-88,47,34
-91,-67,-88,-26,-55,-43,-10,-30,8,-9,37,73,-68,95,2,-94,-42,4,-83,23,74,33,-50,-76,28,27,-96,-25,19,32,-62,59,-79,60,81,48,99,-22,-84,-8,-27,10,76,-11,58,-48,-39,72,-69,-32,-28,-45,11,-80,-93,-19,-6,-17,-77,-75,83,-46,43,78,75,17,36,-63,-95,39,-73,-5,-44,93,-71,86,47,-52,-81,-100,-13,97,54,-31,-41,12,-56,20,-12,87,69,61,66,96,40,-65,-34,85,-1,-38
-31,-92,-27,36,32,69,-37,-93,-74,-24,68,56,15,43,38,13,-62,21,49,30,2,-73,-3,-58,-36,91,89,-41,-61,8,58,-69,-22,45,52,10,70,-57,40,98,-71,37,-97,-81,78,55,7,-45,93,54,-98,-6,-75,-2,-23,-16,79,100,14,81,9,-10,-63,12,-39,31,-19,-33,-5,-88,27,18,6,48,83,95,-8,84,-49,57,-80,-78,-54,33,-60,-79,-1,-56,-46,-72,-66,-28,25,39,-44,-52,-35,-94,1,62
-98,-22,-95,-4,65,0,-93,-2,89,-7,-58,-49,36,-16,-83,77,-27,-26,-78,-45,21,81,92,-84,52,93,-67,-6,-56,3,99,-94,31,-91,-48,-28,23,-76,-50,80,90,-81,-10,68,10,-25,5,-97,95,-75,-63,-87,18,72,100,-99,12,-31,-29,-1,50,25,-80,16,29,39,62,86,-35,76,-65,-41,96,24,60,78,37,-70,33,-8,49,-77,-44,73,87,-46,84,82,-21,40,-37,9,-64,58,98,-52,57,75,-57,-18
-77,-99,-45,56,48,-90,3,-79,-68,-59,-48,-72,-96,10,0,-65,-23,84,16,100,-30,-44,-32,99,-86,-39,-54,82,-87,69,-43,86,-5,18,8,9,-50,76,49,6,26,-4,40,20,55,29,66,-78,-85,-84,-71,85,-51,-31,43,72,22,64,-55,-58,-40,11,-11,44,77,-28,-98,-47,-27,15,-49,60,19,-1,-80,-94,-70,-12,34,-19,27,-63,58,-17,-92,-73,7,-42,-7,54,-74,-81,38,-9,62,73,-26,90,-76,74
79,-25,96,-76,90,-80,-89,35,-50,51,58,-1,-39,-15,76,-14,17,-16,28,89,73,-20,-18,83,84,13,19,23,-97,-3,-83,-75,-92,41,-100,-95,-62,-35,-78,9,71,86,65,-51,55,12,-17,33,95,-77,-74,-5,45,-42,-70,-90,57,5,-37,-88,-69,-38,70,81,20,-41,-54,-36,-13,29,22,92,52,-91,68,75,-66,-94,-93,-52,3,61,25,-71,7,53,26,-56,-59,-21,-9,69,37,-73,39,93,-87,-2,-22,94
-36,-100,-83,52,-61,10,-25,97,41,57,-69,-38,-96,-64,-52,9,14,23,-56,90,100,-16,17,36,3,-76,47,-41,18,-4,15,2,51,-98,-84,-46,-63,44,13,89,12,60,38,-48,70,-60,86,-94,-51,-93,-87,88,-92,11,0,4,-78,-17,-5,-40,95,-30,66,-77,94,58,-8,-37,-66,-18,-19,31,-32,-58,-11,-43,-3,-74,-80,91,29,65,-29,42,-34,-24,30,34,-65,21,40,-12,-91,-42,68,73,-50,-6,-67,7
63,5,87,54,89,44,6,90,13,97,-5,93,2,-81,17,98,41,34,-51,-3,-42,-1,74,77,66,61,18,36,-25,95,80,-14,0,-89,-7,-23,-78,33,96,-26,72,84,-13,64,26,12,47,23,-32,-35,40,-63,-22,-33,-85,-72,-91,-18,-100,29,-38,-52,51,-12,-70,8,-87,-28,-54,-80,-68,-64,79,-84,-11,43,-2,-16,62,-67,65,68,-69,45,11,37,-66,-24,4,-53,-99,32,-8,71,70,-60,99,-15,-98,-17
-24,62,-38,-97,43,-92,-63,36,45,80,26,-41,29,53,-79,-70,65,-18,2,96,6,95,-71,81,88,-47,-1,15,92,54,-19,47,-87,-51,-50,27,-39,82,-67,10,72,71,-42,-55,-21,-43,19,-16,-8,-49,25,-74,61,55,-77,-5,-86,69,-12,58,-72,-31,-34,41,31,79,39,78,-17,-6,-57,-26,-48,50,8,66,87,-88,-83,-10,28,67,-45,-73,-80,1,97,9,-65,-91,84,74,-35,-56,90,-99,-69,85,-89,-100
67,98,-63,64,-22,70,-56,43,-78,-14,-33,-45,24,-72,-62,-35,50,-82,-27,-39,12,-50,-74,-12,-16,-29,-43,41,-31,-95,-87,47,-52,82,71,97,100,-17,-75,79,93,39,-61,10,62,-76,-26,55,29,-48,-94,-19,72,-73,-18,-41,56,-57,-25,-85,5,57,-10,48,11,26,88,-1,-55,-54,58,-88,-59,84,-36,15,42,-58,38,-21,-38,-100,2,8,-96,-92,68,87,-67,90,37,40,63,45,17,-65,-47,-51,77,7
-96,-16,-99,74,80,64,57,83,90,6,-55,19,-61,3,1,-57,55,-14,66,14,-50,60,-43,-35,79,-58,-84,7,-85,77,16,89,-46,8,-92,5,12,-4,-15,9,70,11,-76,-95,97,-3,52,-33,-17,-40,50,24,-12,-65,-71,91,21,87,-2,-89,-81,46,71,-60,42,-83,-64,32,-47,-39,18,-100,-25,-18,-20,26,-91,-67,-86,48,54,-32,29,-66,73,-23,-37,68,-53,-5,41,-41,-74,61,17,-59,-77,-82,99,-6
-19,-55,81,-16,-35,94,87,77,-58,-72,-100,28,7,-8,17,51,-17,62,-95,34,-68,32,-9,5,95,79,-82,-18,98,96,72,-86,-78,93,91,-20,73,66,26,-37,71,44,63,8,89,-10,-5,23,-56,-11,-14,-21,-88,-15,65,75,-65,38,-62,76,-29,48,-75,52,29,-77,-36,25,-61,68,55,58,-84,-24,-99,-41,82,-25,-50,90,-23,0,64,-45,1,11,-26,-92,85,39,-96,99,-76,33,-47,-85,20,53,-69,59
84,63,-98,-86,-75,19,-62,-16,-20,14,-8,-3,-38,-76,91,-81,-17,93,-37,-52,99,-92,-69,53,64,-5,-57,92,-9,46,-73,-63,66,-93,-85,97,-21,-22,81,-71,1,22,61,-32,-53,36,16,23,25,82,-66,-15,-28,73,-39,-45,52,10,75,-78,12,-41,-13,-74,48,7,76,87,96,17,-100,-95,26,-84,5,80,70,83,-87,98,-44,-99,-79,-50,-14,-33,8,44,-70,-67,69,0,71,41,-7,-23,49,-68,60,-46
83,-58,-87,27,-2,-23,38,2,28,68,76,44,-53,-33,95,3,19,-19,-73,-17,78,-9,25,-100,8,-34,39,90,-14,-85,14,-97,-46,22,7,-16,55,-90,86,-22,-74,-98,-99,66,74,-51,82,99,1,30,-61,43,-1,-38,71,-6,-44,58,96,60,12,-24,-59,-4,-49,73,80,18,-78,-81,-15,85,-91,-70,-86,52,-26,-11,59,49,-66,11,61,-96,-64,-31,5,94,31,-20,-50,47,98,50,-94,36,17,4,46,20
-74,-28,-94,38,76,-71,24,60,83,27,-84,33,85,-9,-2,57,-72,82,-22,9,-86,-4,-96,-90,56,-65,8,-19,-73,14,81,78,-5,89,46,-17,-18,-29,-75,97,-64,67,44,-97,-37,93,58,-31,-92,-43,-83,-8,62,-41,37,-47,59,20,-80,-81,63,28,0,-38,-79,-25,-68,88,-54,29,73,80,7,55,-1,25,31,52,-6,17,-99,-3,77,71,18,-7,96,-30,99,-33,26,1,2,-23,-89,39,43,-100,61,-44
-32,-42,-10,-21,-8,-77,25,-36,7,67,70,-52,27,78,28,29,22,77,80,-49,73,4,-30,43,-11,48,62,1,-15,96,-74,-72,69,24,-20,14,65,84,2,-97,-87,-58,59,-66,-17,-75,64,-89,-14,-23,49,3,-61,-92,-39,-68,-71,-9,-64,100,37,-31,98,34,86,21,-40,89,13,-45,99,-25,-63,-41,-94,-24,-83,-81,94,39,47,0,92,-57,-28,-13,72,42,-48,-38,-69,-34,87,10,52,31,81,83,-37,85
-5,10,77,48,-56,-31,-35,-41,17,61,45,13,2,38,-10,70,86,-21,28,100,-32,-16,49,-17,-88,67,92,-75,41,99,-33,-91,-71,-37,-34,15,96,-11,9,46,-60,-4,-54,52,62,20,-39,-36,-66,42,-3,-42,-69,-18,57,-38,73,97,-53,-48,43,-99,93,-51,35,-64,-87,-2,-68,85,47,66,-65,-15,-62,87,-12,-14,-70,-26,-9,-95,-74,74,-67,0,88,-76,5,27,95,-82,-55,91,-93,44,8,-7,54,98
-73,83,79,-40,-98,6,-65,74,41,-68,-27,25,47,-70,-80,28,-95,30,59,-92,-100,61,60,99,-47,-58,-21,-94,-52,15,-16,-51,-69,91,-82,48,-66,-11,78,16,87,73,-31,-42,-10,90,-5,-85,-54,97,-57,18,22,70,-84,42,98,-91,69,5,-86,-43,-15,93,-38,-8,96,57,95,-4,3,-34,71,-24,-96,13,84,-22,27,-74,-14,-79,-39,-63,53,24,-2,20,86,-32,-71,-61,76,-12,-26,19,37,63,-77,85
-80,-5,-15,59,55,-21,-61,-90,24,56,34,-28,-89,17,44,41,1,-9,-19,-7,80,18,-36,86,46,42,-83,-56,98,63,61,72,-37,-13,47,-2,-1,78,57,7,83,10,-58,9,100,-62,-47,16,-93,-60,-71,68,-68,48,-86,33,60,-78,5,81,-66,82,-43,-77,-38,15,-69,20,-53,-35,91,0,23,-81,-91,66,-20,53,26,99,50,49,-26,-22,75,-49,-29,-73,-92,-34,-84,-50,-41,65,-55,-96,-10,43,-48,-42
64,-15,-1,-12,57,65,86,-54,36,-57,-91,-79,-32,-41,-50,-65,-55,-64,9,23,-10,-7,-29,-48,55,-76,-26,73,-40,39,38,53,-11,10,52,-45,27,46,-27,68,69,28,-93,-70,41,-14,-89,-16,72,60,-71,-33,58,-94,97,3,-82,95,33,-85,-83,16,-78,92,13,-25,-84,-58,-3,98,30,48,51,-77,14,66,50,-56,-66,93,88,12,59,49,-23,74,70,78,-49,-95,-30,81,-98,100,-18,94,-51,-21,-87,84
39,-72,-13,-43,86,-74,47,14,-76,31,85,-15,-81,90,49,-12,-51,-55,24,26,-78,67,89,-52,-24,91,-62,-50,52,-99,-54,15,-84,88,9,-59,69,1,-56,83,-92,-69,71,-82,-21,22,95,-39,-44,77,-100,20,-34,50,36,-37,28,63,-41,82,6,42,-58,97,54,-89,-79,3,64,5,-10,35,43,-63,-45,-23,-48,29,-9,38,51,-32,0,-1,-93,61,45,-94,33,4,-64,-77,-80,-11,-19,-85,-14,79,-86,40
64,67,-80,36,48,85,-32,18,33,-70,-5,-98,-15,-17,-87,68,-81,-86,-97,20,49,75,73,60,31,8,-39,-58,59,-2,55,94,51,12,32,-7,-24,6,7,79,-72,16,95,-35,-82,56,-94,37,-33,61,-66,42,57,-62,13,-57,62,71,38,1,-76,-78,-41,80,-26,-61,-3,3,-37,-23,-100,-46,-27,25,-43,29,-36,88,-74,-40,-4,35,100,-91,39,-99,-45,26,-6,45,15,21,0,-90,-25,-59,11,22,17,43
34,82,-100,16,35,63,77,13,-45,-28,-61,59,-51,48,68,47,-91,-79,-33,22,-54,44,-14,-69,-83,-5,94,-13,65,-21,-57,56,11,42,-87,-81,-31,32,72,30,28,61,-68,-26,-17,70,6,-24,75,60,12,50,-53,87,84,-88,83,-42,-98,-15,91,7,85,-66,-25,79,-71,-94,66,69,73,80,23,-8,71,-40,-12,3,19,92,-56,-6,55,-90,-86,-44,-65,-73,90,-84,98,41,-62,45,-27,-36,62,-39,-49,57
58,69,85,68,94,38,-19,31,-33,-3,-53,40,62,60,-68,61,2,75,-70,19,48,57,16,-2,0,70,20,-90,-34,-27,-39,-45,81,-80,-16,-52,-5,-87,-22,99,11,9,-42,88,78,22,-84,30,67,-66,-55,-99,-40,-74,-38,-89,32,-31,-76,29,-81,37,5,-83,-18,66,-64,-98,41,-95,3,-43,53,-23,100,24,25,-72,10,14,-44,-12,-8,74,51,-91,23,44,-1,12,-4,90,-92,-24,54,49,-93,-57,65,4
51,-73,-62,-44,-67,-65,38,-68,-6,23,55,27,-34,-26,-87,58,-40,50,-2,83,-76,9,-48,-8,2,-14,70,-63,-35,19,76,-20,99,68,12,8,74,-31,53,17,77,0,-27,25,95,28,-85,86,61,-96,48,-98,45,-88,-24,67,98,49,-12,10,88,62,87,93,7,-47,-93,57,78,-45,-79,-18,5,60,90,-55,-51,14,-39,-54,94,-49,-16,-82,-21,-90,31,-99,-42,-50,11,-95,75,47,21,-3,-5,-69,-78,-56
-15,-21,86,28,17,38,73,67,56,27,-32,64,1,89,-5,6,92,19,4,-46,-23,-58,-67,35,-99,-37,-10,-28,-93,3,-17,-97,-54,-47,-95,79,30,18,-27,49,12,99,5,23,80,-88,-12,14,11,81,-100,44,32,100,62,-22,-8,37,-19,0,88,-3,39,93,-1,-4,95,72,-29,71,-71,94,91,43,-92,-49,-85,-51,-24,-70,41,98,36,-35,-66,-43,55,87,-87,-50,70,-78,82,84,15,-75,47,-94,-68,42
-45,64,89,94,-2,43,-19,87,-90,47,3,93,80,-52,60,-99,-9,-24,-70,-83,-92,-63,-23,58,68,2,-28,33,84,-50,39,-16,-64,-38,-94,14,26,63,35,-93,-54,-81,21,28,-5,-62,-31,73,67,19,-4,55,24,-86,-1,81,29,13,41,22,5,-73,48,-12,-53,0,90,-56,1,-51,52,-35,17,-82,96,-49,-76,-43,37,-48,-29,8,-33,44,-41,31,36,-98,82,-37,9,18,-72,-87,-100,-55,-7,74,-17,-88
86,-59,43,69,45,-28,61,-74,-57,-88,11,-94,-30,-40,66,-50,-22,-35,92,64,35,54,-1,93,-92,94,32,16,33,42,-14,27,-83,-15,78,50,37,48,-9,3,-69,49,71,-7,-78,68,-19,-45,-10,-84,-32,57,38,89,-3,-77,98,-48,23,99,1,26,-80,91,44,97,-13,88,58,-27,56,70,-37,31,36,-6,21,9,-90,-25,65,0,-47,-68,82,18,-86,-2,19,8,-38,-73,-67,20,-61,-33,2,75,53,30
-77,24,60,26,57,13,21,-100,-46,97,50,-82,69,-91,-17,-28,-87,-71,87,-75,54,17,-67,-43,-64,42,82,32,79,74,-84,-40,23,15,-88,35,65,-11,29,-44,33,3,-20,-60,61,-68,53,-30,-90,-54,39,-59,-10,-76,-6,-39,-57,64,-24,44,89,88,-47,-31,-66,-26,85,40,-61,-19,46,47,-92,-36,-18,-12,38,-79,37,9,45,-50,18,84,-94,-74,22,72,-52,98,76,-13,28,-89,99,96,7,-53,6,77
7,-22,-84,-9,-29,-4,92,-3,-26,46,83,86,-90,-91,-31,34,33,68,-25,89,-95,5,-63,-7,87,-46,25,-23,21,-70,43,80,82,95,8,71,42,4,32,70,58,26,16,35,23,64,45,-30,47,-59,41,-6,-97,-11,-32,-27,-43,100,-15,1,19,-99,52,96,-45,-57,28,-72,-47,48,62,40,-54,-40,-49,85,50,-28,-96,-88,36,93,81,11,22,-94,-69,65,63,98,84,-51,-79,-52,-33,0,-24,-64,49,-76
81,36,-44,-72,68,-71,100,-27,-83,-96,29,14,-4,30,-77,54,1,-8,20,59,85,-95,60,91,55,-91,31,-13,-16,-45,-52,-69,67,63,-60,41,-100,93,-22,74,-65,-3,-74,39,44,42,90,32,-66,-28,43,-9,-51,-37,-58,-68,23,-75,-10,58,-55,71,78,9,56,76,8,-90,40,73,-46,15,-73,92,83,37,-30,-56,34,-85,-50,-48,-86,24,77,35,62,-87,70,-15,-43,-67,17,-80,-11,-92,28,-97,-61,75
-94,-11,99,-32,96,23,-63,-77,-50,29,49,-49,95,-2,-84,52,81,-17,12,2,22,-18,-3,56,24,15,-89,-24,8,-25,62,-52,-64,75,37,-34,-87,91,-41,9,-67,94,100,58,21,59,-85,-78,-93,90,30,53,57,-56,25,-26,-31,-99,-91,36,-9,-7,-53,76,-72,33,-29,13,-44,-60,-90,92,3,-100,-70,84,-36,48,42,-62,-33,83,-12,-21,-27,55,10,-80,-65,60,43,71,-79,-76,19,-86,-71,28,-73,-75
54,-5,75,72,87,-91,18,5,92,7,20,-44,42,30,-68,-59,98,-31,14,97,-16,86,-25,-13,-76,27,40,-62,-9,-58,58,-36,80,-15,-7,-14,46,19,6,11,-30,-65,73,63,100,-6,-54,82,-37,-48,-34,-40,-28,69,8,34,62,-45,-85,96,10,-69,4,-42,9,-53,-87,-75,15,-83,68,84,-84,23,79,45,41,-93,-2,17,-38,-100,85,-63,16,-66,-43,-18,-23,44,-89,-22,35,-33,57,95,-51,91,-67,56
